[0.9849753379821777, 0.5410191416740417, 0.23591187596321106, 0.36939436197280884, 0.44343578815460205, 0.3554131090641022, 0.408297598361969, 0.2756107747554779, 0.1661454737186432, 0.2988716959953308, 0.5840451717376709, 0.5559817552566528, 0.1773308515548706, 0.37028294801712036, 0.3430545926094055, 0.5327669382095337, 0.30690234899520874, 0.3606536388397217, 0.36579668521881104, 0.29949072003364563, 0.40910547971725464, 0.4229109287261963, 0.2788800001144409, 0.11389798671007156, 0.2380591630935669, 0.307394802570343, 0.371807336807251, 0.217443585395813, 0.361937016248703]
[0.5500611066818237, 0.9896190762519836, 0.32063817977905273, 0.3267221450805664, 0.19861021637916565, 0.5693717002868652, 0.48818135261535645, 0.2836962938308716, 0.2571459710597992, 0.2166980654001236, 0.2068479359149933, 0.21222428977489471, 0.28573304414749146, 0.17075587809085846, 0.31524428725242615, 0.240691140294075, 0.36150896549224854, 0.35867899656295776, 0.3672690987586975, 0.3597061038017273, 0.2719358205795288, 0.5202385783195496, 0.24301084876060486, 0.28734540939331055, 0.25618788599967957, 0.283795565366745, 0.3453442454338074, 0.35301345586776733, 0.44250351190567017]
[0.2381545901298523, 0.33411574363708496, 0.9900093674659729, 0.33713459968566895, 0.5686616897583008, 0.49765264987945557, 0.4148753881454468, 0.3748028576374054, 0.37893736362457275, 0.4549983739852905, 0.24241849780082703, 0.2866499423980713, 0.48314300179481506, 0.22781898081302643, 0.19642268121242523, 0.32632434368133545, 0.41746631264686584, 0.3814098834991455, 0.38643956184387207, 0.38636618852615356, 0.29602497816085815, 0.4264790415763855, 0.37934309244155884, 0.43075665831565857, 0.23249833285808563, 0.436257928609848, 0.5385953187942505, 0.36229318380355835, 0.4509690999984741]
[0.42180541157722473, 0.35712844133377075, 0.28619131445884705, 0.9739333987236023, 0.4239172041416168, 0.3160340189933777, 0.3275638818740845, 0.2833646535873413, 0.26868152618408203, 0.21057787537574768, 0.2734183073043823, 0.3472785949707031, 0.15409553050994873, 0.2608029842376709, 0.3176667392253876, 0.29616019129753113, 0.23874245584011078, 0.22256247699260712, 0.3917831778526306, 0.3548583388328552, 0.3724851608276367, 0.3565071225166321, 0.43361830711364746, 0.22386860847473145, 0.31269514560699463, 0.5027145743370056, 0.26531338691711426, 0.2714596688747406, 0.4158865511417389]
[0.411088228225708, 0.16878026723861694, 0.5881900787353516, 0.4299870729446411, 0.9876521229743958, 0.4188465476036072, 0.310878187417984, 0.5274242758750916, 0.3551511764526367, 0.3367858827114105, 0.46064621210098267, 0.4412418007850647, 0.34202420711517334, 0.40890583395957947, 0.42591187357902527, 0.3142888844013214, 0.267880380153656, 0.2704629898071289, 0.2926105260848999, 0.3497820496559143, 0.22422626614570618, 0.18543362617492676, 0.29945671558380127, 0.3150918781757355, 0.20649659633636475, 0.32889190316200256, 0.30718958377838135, 0.3523006737232208, 0.43948960304260254]
[0.36339807510375977, 0.5590564012527466, 0.48834937810897827, 0.34457242488861084, 0.44811373949050903, 0.9848010540008545, 0.44480112195014954, 0.4135913848876953, 0.37115222215652466, 0.2941316068172455, 0.28917020559310913, 0.32409000396728516, 0.46516889333724976, 0.2608904242515564, 0.5672130584716797, 0.4735385775566101, 0.6338867545127869, 0.5114872455596924, 0.5171525478363037, 0.5311839580535889, 0.14437302947044373, 0.35466933250427246, 0.3036848306655884, 0.45774930715560913, 0.31946122646331787, 0.45663392543792725, 0.23927336931228638, 0.3957248330116272, 0.49720707535743713]
[0.3456113338470459, 0.3994753360748291, 0.37266263365745544, 0.3140358328819275, 0.2660765051841736, 0.44890275597572327, 0.974581241607666, 0.3400246500968933, 0.31714460253715515, 0.2660062313079834, 0.32977885007858276, 0.32095175981521606, 0.2988574504852295, 0.43344706296920776, 0.2908785343170166, 0.3552761971950531, 0.38903236389160156, 0.4183964729309082, 0.3281823396682739, 0.3655090928077698, 0.3759426176548004, 0.5046684145927429, 0.33941593766212463, 0.30463653802871704, 0.3587251901626587, 0.3361111283302307, 0.29375606775283813, 0.3137540817260742, 0.369210809469223]
[0.254901260137558, 0.3024342358112335, 0.35306230187416077, 0.31667560338974, 0.41466405987739563, 0.36510851979255676, 0.33303865790367126, 0.979128897190094, 0.3662310242652893, 0.2857621908187866, 0.34583234786987305, 0.3053949773311615, 0.3750140070915222, 0.2789154350757599, 0.3977133631706238, 0.3520545959472656, 0.43081361055374146, 0.3853982090950012, 0.3188304603099823, 0.31246501207351685, 0.40742629766464233, 0.36745619773864746, 0.3456069827079773, 0.3582315146923065, 0.38960427045822144, 0.25441569089889526, 0.28864824771881104, 0.33441370725631714, 0.38389551639556885]
[0.195140540599823, 0.3118724822998047, 0.4124221205711365, 0.22729460895061493, 0.3516418933868408, 0.3675031065940857, 0.3169301748275757, 0.39483270049095154, 0.9677510261535645, 0.47879546880722046, 0.2665642201900482, 0.20341050624847412, 0.3946281671524048, 0.33608537912368774, 0.2905149459838867, 0.34711283445358276, 0.382514625787735, 0.5472115278244019, 0.203274205327034, 0.3779652714729309, 0.3307601809501648, 0.18460290133953094, 0.30398982763290405, 0.40692126750946045, 0.45145273208618164, 0.2643800973892212, 0.30546993017196655, 0.3798355460166931, 0.3537987470626831]
[0.2318992167711258, 0.24832361936569214, 0.3923065662384033, 0.16704438626766205, 0.25835126638412476, 0.34433817863464355, 0.24292945861816406, 0.2826521694660187, 0.45832687616348267, 0.9588839411735535, 0.534238874912262, 0.3227234482765198, 0.44593971967697144, 0.3319240212440491, 0.22439400851726532, 0.34499391913414, 0.4496663808822632, 0.40069717168807983, 0.36253622174263, 0.3689737319946289, 0.20241543650627136, 0.3093283176422119, 0.2719111442565918, 0.28955724835395813, 0.3303971290588379, 0.2012755572795868, 0.5320867896080017, 0.3538658618927002, 0.32187652587890625]
[0.551090657711029, 0.162030428647995, 0.17984336614608765, 0.26846563816070557, 0.4411371052265167, 0.28291013836860657, 0.31002968549728394, 0.393548846244812, 0.27069759368896484, 0.5938754677772522, 0.9697174429893494, 0.5556504726409912, 0.44483181834220886, 0.4374516010284424, 0.3939242959022522, 0.36901962757110596, 0.30150559544563293, 0.3550175726413727, 0.4025447368621826, 0.3535914421081543, 0.40254974365234375, 0.3575448989868164, 0.3228906989097595, 0.2202770709991455, 0.35050833225250244, 0.27030467987060547, 0.15640097856521606, 0.30869993567466736, 0.3906557261943817]
[0.5098001956939697, 0.21213014423847198, 0.29781103134155273, 0.27870917320251465, 0.4617363512516022, 0.3111363649368286, 0.32549262046813965, 0.341671347618103, 0.16945338249206543, 0.3836178779602051, 0.5457546710968018, 0.9841578006744385, 0.19359241425991058, 0.48174476623535156, 0.5009170174598694, 0.450703889131546, 0.38872337341308594, 0.30013883113861084, 0.36182790994644165, 0.38576215505599976, 0.31105032563209534, 0.3506234884262085, 0.6922518014907837, 0.2901563048362732, 0.4443698525428772, 0.25617825984954834, 0.479993611574173, 0.3593612611293793, 0.37940332293510437]
[0.20933812856674194, 0.2756446599960327, 0.4968601167201996, 0.18674644827842712, 0.32698431611061096, 0.45921021699905396, 0.29448333382606506, 0.3906693458557129, 0.37673240900039673, 0.49748694896698, 0.45093607902526855, 0.23331844806671143, 0.9684741497039795, 0.4601292014122009, 0.28169819712638855, 0.3706728219985962, 0.49446213245391846, 0.3107616901397705, 0.4388919472694397, 0.22556591033935547, 0.2933861017227173, 0.46701371669769287, 0.2996911108493805, 0.2803806960582733, 0.3429798483848572, 0.3276368975639343, 0.2472393661737442, 0.26428714394569397, 0.31380531191825867]
[0.342184841632843, 0.15215767920017242, 0.15159516036510468, 0.23276673257350922, 0.3396139442920685, 0.24149829149246216, 0.407909095287323, 0.3087744116783142, 0.31380289793014526, 0.3727300465106964, 0.4437416195869446, 0.5000664591789246, 0.4304112493991852, 0.9681724905967712, 0.3356447219848633, 0.480741411447525, 0.31961309909820557, 0.22966401278972626, 0.3114437162876129, 0.29584360122680664, 0.30111217498779297, 0.2926001250743866, 0.3449934720993042, 0.25232937932014465, 0.43153315782546997, 0.269065260887146, 0.24453896284103394, 0.3972431421279907, 0.3719625174999237]
[0.2941789925098419, 0.3058079183101654, 0.185947984457016, 0.2841973304748535, 0.36948496103286743, 0.47693580389022827, 0.2832700312137604, 0.46464067697525024, 0.28186315298080444, 0.20404741168022156, 0.3330690264701843, 0.4170551896095276, 0.28528326749801636, 0.24063140153884888, 0.9772486090660095, 0.42747923731803894, 0.4422203004360199, 0.4160701632499695, 0.3946802020072937, 0.28785499930381775, 0.3251250684261322, 0.2003307044506073, 0.2610187530517578, 0.31210845708847046, 0.3440762162208557, 0.3195270597934723, 0.3097798228263855, 0.35674846172332764, 0.3443393111228943]
[0.4177906811237335, 0.17029277980327606, 0.2966645359992981, 0.26761341094970703, 0.24335052073001862, 0.40351688861846924, 0.2954416573047638, 0.34113460779190063, 0.3477206230163574, 0.3371928930282593, 0.34328705072402954, 0.4237586259841919, 0.33059683442115784, 0.4363827407360077, 0.4312787652015686, 0.9687650203704834, 0.7199366092681885, 0.4015045166015625, 0.3446735739707947, 0.30459168553352356, 0.4567996859550476, 0.29244357347488403, 0.38846951723098755, 0.3582534193992615, 0.490983784198761, 0.36532315611839294, 0.3754076063632965, 0.4459783136844635, 0.3260605037212372]
[0.24140812456607819, 0.40406450629234314, 0.39695459604263306, 0.2519146203994751, 0.21455231308937073, 0.6291451454162598, 0.3292945623397827, 0.43235379457473755, 0.3579082489013672, 0.4080110490322113, 0.2751447558403015, 0.36471402645111084, 0.4749002456665039, 0.2259400635957718, 0.4558344781398773, 0.6250054836273193, 0.9674286842346191, 0.41916343569755554, 0.3660503923892975, 0.3664413392543793, 0.3111310303211212, 0.423064649105072, 0.415151447057724, 0.45689910650253296, 0.4692004919052124, 0.24607840180397034, 0.38080453872680664, 0.397779643535614, 0.36635252833366394]
[0.39054548740386963, 0.3885818123817444, 0.3757883310317993, 0.20469503104686737, 0.2926894426345825, 0.5248523950576782, 0.41133466362953186, 0.39980971813201904, 0.48614999651908875, 0.3833557367324829, 0.3938194513320923, 0.34438657760620117, 0.26167070865631104, 0.26636186242103577, 0.41951489448547363, 0.42394575476646423, 0.4455995559692383, 0.9785187244415283, 0.6085673570632935, 0.3624412715435028, 0.5123395323753357, 0.20249754190444946, 0.33869773149490356, 0.1709999293088913, 0.3363345265388489, 0.5566830635070801, 0.366279661655426, 0.35456520318984985, 0.4394195079803467]
[0.3471243381500244, 0.3385910391807556, 0.3128207325935364, 0.35130807757377625, 0.24692516028881073, 0.4337347745895386, 0.2831099033355713, 0.27464863657951355, 0.19490188360214233, 0.3685668110847473, 0.39241084456443787, 0.3531692624092102, 0.3873334228992462, 0.3117903172969818, 0.3440232574939728, 0.34264659881591797, 0.34473106265068054, 0.49668827652931213, 0.9629662036895752, 0.3180505931377411, 0.24931424856185913, 0.35966911911964417, 0.3098301589488983, 0.22351431846618652, 0.2768321633338928, 0.40795543789863586, 0.28516685962677, 0.24141442775726318, 0.3770331144332886]
[0.3298889398574829, 0.34465324878692627, 0.31552743911743164, 0.26395469903945923, 0.2839052975177765, 0.4303627908229828, 0.31925684213638306, 0.2663448452949524, 0.27232521772384644, 0.3311089873313904, 0.3290545642375946, 0.3164646029472351, 0.22488656640052795, 0.3031477928161621, 0.2631489634513855, 0.3092321455478668, 0.32447701692581177, 0.3579498529434204, 0.29075926542282104, 0.9511603713035583, 0.35424426198005676, 0.22668659687042236, 0.24520111083984375, 0.20099607110023499, 0.22373667359352112, 0.23369073867797852, 0.31062251329421997, 0.2862468361854553, 0.1750590205192566]
[0.33219170570373535, 0.24430488049983978, 0.28785818815231323, 0.3853762149810791, 0.20125415921211243, 0.1751072257757187, 0.327736496925354, 0.40677309036254883, 0.27680325508117676, 0.2345503866672516, 0.3906378746032715, 0.3170027732849121, 0.30367398262023926, 0.24035127460956573, 0.26628008484840393, 0.3926285207271576, 0.35378241539001465, 0.43391624093055725, 0.28587108850479126, 0.35463619232177734, 0.958324670791626, 0.36013519763946533, 0.40294939279556274, 0.24204784631729126, 0.47381591796875, 0.38351160287857056, 0.3586001992225647, 0.34752124547958374, 0.3900299370288849]
[0.43348538875579834, 0.4946292042732239, 0.42885148525238037, 0.4178587794303894, 0.20197969675064087, 0.37378957867622375, 0.5074228048324585, 0.333899587392807, 0.1861182451248169, 0.3805515170097351, 0.3970365822315216, 0.3923073709011078, 0.46422386169433594, 0.2913658022880554, 0.19734244048595428, 0.340237557888031, 0.41706383228302, 0.24231384694576263, 0.3783045709133148, 0.2853899300098419, 0.34214532375335693, 0.9829976558685303, 0.5690065622329712, 0.43028610944747925, 0.33089062571525574, 0.2631164789199829, 0.328630268573761, 0.25786975026130676, 0.3389682173728943]
[0.27051448822021484, 0.24326704442501068, 0.3645743131637573, 0.38272255659103394, 0.28086787462234497, 0.2839350402355194, 0.32050246000289917, 0.317169725894928, 0.3242177665233612, 0.3037585914134979, 0.34270286560058594, 0.7094303369522095, 0.30384641885757446, 0.342599093914032, 0.2805339992046356, 0.3891548216342926, 0.41451722383499146, 0.3781331181526184, 0.33634811639785767, 0.2913720905780792, 0.3927726149559021, 0.5411183834075928, 0.9818335175514221, 0.370332807302475, 0.5596065521240234, 0.3498535752296448, 0.3414984941482544, 0.4488922953605652, 0.2970285415649414]
[0.11868966370820999, 0.25685590505599976, 0.42832639813423157, 0.2889949679374695, 0.313520610332489, 0.42114078998565674, 0.3092014193534851, 0.34752357006073, 0.357876718044281, 0.27773088216781616, 0.19995665550231934, 0.34204959869384766, 0.3115828335285187, 0.26352566480636597, 0.3400581479072571, 0.3474986255168915, 0.43990811705589294, 0.15386994183063507, 0.2619062662124634, 0.33179008960723877, 0.2255914807319641, 0.4730072319507599, 0.42770451307296753, 0.9856305718421936, 0.4817582368850708, 0.39527180790901184, 0.2335335612297058, 0.4701809287071228, 0.4071928858757019]
[0.27201661467552185, 0.2277320921421051, 0.16419172286987305, 0.3231513500213623, 0.2154112011194229, 0.2786427438259125, 0.2943197190761566, 0.3502650558948517, 0.44392845034599304, 0.3267454504966736, 0.36974960565567017, 0.46012312173843384, 0.3366682827472687, 0.4166129231452942, 0.3524864912033081, 0.44769787788391113, 0.43011969327926636, 0.33925312757492065, 0.29511335492134094, 0.29235202074050903, 0.4470941126346588, 0.2995215952396393, 0.521491289138794, 0.38071882724761963, 0.9737594127655029, 0.3457159996032715, 0.24345317482948303, 0.45837169885635376, 0.3921734690666199]
[0.2780541479587555, 0.23900620639324188, 0.3593621253967285, 0.4039803147315979, 0.2827168107032776, 0.3932185769081116, 0.31301751732826233, 0.18766076862812042, 0.2344258725643158, 0.2158004194498062, 0.26322120428085327, 0.2602548897266388, 0.2999899387359619, 0.31592845916748047, 0.2763374447822571, 0.3441224992275238, 0.2541797459125519, 0.4318234920501709, 0.43368110060691833, 0.25148460268974304, 0.36813029646873474, 0.24465949833393097, 0.31267863512039185, 0.3516535758972168, 0.3494911193847656, 0.9650018215179443, 0.22767016291618347, 0.39025479555130005, 0.43374350666999817]
[0.3251417279243469, 0.3753122091293335, 0.5540457963943481, 0.21401971578598022, 0.30810391902923584, 0.2842513620853424, 0.2897276282310486, 0.2946200668811798, 0.21182763576507568, 0.5875914096832275, 0.22228816151618958, 0.4672151803970337, 0.23208919167518616, 0.26682600378990173, 0.3370010256767273, 0.3869801163673401, 0.42128729820251465, 0.3383917212486267, 0.31954243779182434, 0.2941766083240509, 0.38896358013153076, 0.3098403811454773, 0.37292149662971497, 0.1940409541130066, 0.2892063856124878, 0.24967221915721893, 0.9868138432502747, 0.33270716667175293, 0.3293936550617218]
[0.2739931344985962, 0.4050511121749878, 0.33752477169036865, 0.2850230932235718, 0.3453630805015564, 0.39981305599212646, 0.3156430721282959, 0.3061029613018036, 0.3782461881637573, 0.35387980937957764, 0.32113829255104065, 0.33599215745925903, 0.33476659655570984, 0.49301719665527344, 0.3705446720123291, 0.4218304753303528, 0.40619227290153503, 0.34817737340927124, 0.2986218333244324, 0.3401961326599121, 0.39491724967956543, 0.26188626885414124, 0.402800977230072, 0.4448254108428955, 0.44135069847106934, 0.4127434194087982, 0.3437741696834564, 0.971599817276001, 0.378334105014801]
[0.43904492259025574, 0.395261287689209, 0.35990285873413086, 0.38294482231140137, 0.41201338171958923, 0.36723431944847107, 0.34861302375793457, 0.3577592074871063, 0.23070549964904785, 0.2948927879333496, 0.3613697588443756, 0.425853431224823, 0.15085665881633759, 0.3251839578151703, 0.35224634408950806, 0.32142114639282227, 0.287447452545166, 0.38564926385879517, 0.35938724875450134, 0.25658315420150757, 0.43616005778312683, 0.28133848309516907, 0.28665709495544434, 0.2548380494117737, 0.3169063329696655, 0.419714093208313, 0.3996351957321167, 0.3334687054157257, 0.9243836998939514]
