[0, 42, 40, 40, 34, 41, 43, 44, 43, 42, 44, 43, 41, 44, 44, 46, 39, 42, 41, 42, 40, 42, 44, 42, 42, 41, 44, 42, 42, 44, 46, 43, 42, 42, 42, 42, 42, 42, 42, 44, 42, 38, 43, 42, 41, 40, 42, 48, 40, 42, 41, 41, 41, 40, 40, 44, 38, 42, 40, 38, 44, 42, 44, 42, 43, 42, 44, 44, 42, 42, 40, 43, 44, 42, 43, 40, 41, 44, 46, 42, 42, 39, 42, 43, 42, 43, 43, 44, 43, 44, 42, 42, 42, 42, 79, 44, 45, 44, 43, 44, 41, 41, 46, 42, 44, 39, 63, 42, 46, 44, 44, 42, 41, 40, 45, 46, 42, 44, 42, 44, 44, 48, 40, 42, 48, 41, 43, 46, 40, 42, 42]
[42, 0, 23, 25, 26, 34, 24, 23, 24, 25, 23, 24, 24, 40, 25, 25, 26, 25, 26, 24, 24, 24, 24, 25, 23, 22, 30, 22, 25, 24, 46, 22, 23, 24, 25, 24, 23, 23, 22, 24, 25, 25, 22, 26, 25, 40, 25, 48, 26, 41, 26, 37, 26, 25, 26, 24, 28, 23, 24, 25, 24, 28, 24, 37, 24, 33, 24, 24, 22, 24, 24, 24, 37, 26, 24, 26, 24, 25, 26, 27, 24, 22, 22, 24, 24, 24, 24, 33, 30, 28, 23, 34, 26, 24, 79, 27, 27, 26, 26, 24, 28, 35, 26, 35, 24, 24, 62, 24, 26, 32, 26, 24, 24, 23, 24, 26, 24, 24, 24, 24, 24, 59, 40, 24, 50, 36, 32, 45, 28, 31, 21]
[40, 23, 0, 13, 22, 32, 14, 21, 14, 22, 13, 12, 10, 38, 9, 10, 18, 17, 16, 6, 19, 9, 8, 18, 20, 6, 29, 10, 8, 10, 45, 7, 8, 16, 17, 20, 16, 10, 6, 8, 17, 11, 9, 18, 14, 38, 23, 47, 24, 39, 19, 36, 16, 13, 14, 10, 24, 18, 24, 20, 22, 27, 16, 35, 8, 31, 13, 22, 8, 13, 14, 9, 37, 23, 24, 18, 23, 25, 11, 28, 19, 13, 9, 12, 14, 13, 21, 33, 26, 28, 22, 33, 22, 10, 79, 27, 45, 12, 22, 10, 26, 35, 17, 33, 13, 22, 64, 15, 14, 33, 18, 14, 12, 7, 12, 16, 20, 8, 12, 18, 18, 58, 40, 19, 49, 32, 32, 45, 26, 30, 16]
[40, 25, 13, 0, 21, 34, 17, 21, 17, 22, 17, 17, 15, 37, 18, 19, 19, 19, 19, 16, 25, 16, 17, 21, 22, 16, 29, 15, 18, 17, 45, 16, 17, 19, 19, 24, 20, 15, 15, 16, 19, 15, 17, 19, 18, 37, 23, 47, 22, 41, 19, 37, 19, 18, 18, 17, 28, 24, 26, 25, 24, 29, 16, 34, 17, 33, 17, 23, 16, 17, 17, 17, 39, 23, 26, 18, 25, 25, 19, 30, 21, 17, 16, 17, 19, 17, 23, 31, 26, 27, 25, 35, 22, 17, 77, 28, 45, 19, 24, 18, 25, 35, 19, 34, 17, 23, 60, 16, 19, 32, 17, 16, 15, 15, 19, 19, 26, 17, 17, 20, 20, 56, 38, 23, 50, 34, 32, 45, 27, 30, 19]
[34, 26, 22, 21, 0, 34, 21, 21, 22, 22, 22, 21, 22, 38, 23, 24, 20, 20, 18, 22, 25, 22, 21, 21, 22, 22, 31, 21, 24, 22, 45, 22, 22, 24, 19, 24, 24, 21, 22, 24, 20, 19, 22, 20, 19, 37, 24, 46, 23, 38, 21, 34, 17, 18, 21, 22, 27, 23, 24, 24, 23, 30, 22, 36, 22, 31, 22, 24, 22, 22, 22, 22, 36, 24, 26, 24, 25, 26, 24, 30, 24, 23, 22, 22, 22, 22, 24, 33, 30, 26, 25, 33, 22, 22, 77, 27, 45, 21, 22, 24, 22, 36, 24, 35, 21, 25, 64, 23, 23, 33, 24, 22, 22, 22, 24, 24, 26, 22, 22, 24, 24, 53, 37, 22, 46, 33, 34, 46, 28, 30, 24]
[41, 34, 32, 34, 34, 0, 29, 35, 30, 33, 31, 29, 28, 37, 35, 36, 36, 36, 34, 31, 32, 34, 34, 34, 31, 32, 36, 34, 34, 33, 42, 34, 34, 34, 36, 34, 34, 34, 34, 36, 36, 34, 34, 36, 34, 41, 32, 45, 34, 38, 36, 37, 34, 34, 34, 33, 31, 32, 32, 31, 33, 34, 34, 36, 33, 34, 34, 34, 33, 34, 33, 34, 37, 34, 34, 32, 32, 36, 36, 32, 34, 33, 34, 33, 31, 34, 30, 34, 30, 36, 33, 34, 35, 34, 76, 32, 46, 34, 33, 36, 34, 35, 35, 32, 31, 32, 64, 33, 35, 33, 35, 33, 32, 33, 36, 36, 31, 34, 31, 34, 33, 56, 40, 30, 49, 35, 35, 46, 32, 32, 34]
[43, 24, 14, 17, 21, 29, 0, 16, 11, 20, 9, 9, 12, 40, 15, 16, 18, 17, 16, 14, 23, 16, 12, 19, 20, 14, 31, 12, 16, 14, 47, 14, 14, 16, 16, 22, 18, 12, 14, 16, 18, 15, 14, 16, 15, 37, 23, 46, 24, 39, 18, 36, 18, 16, 16, 14, 26, 22, 26, 25, 21, 28, 16, 36, 13, 33, 14, 21, 13, 14, 14, 14, 34, 24, 24, 21, 23, 26, 15, 29, 19, 15, 14, 14, 16, 14, 19, 32, 26, 26, 21, 33, 23, 13, 76, 24, 46, 16, 23, 16, 25, 34, 15, 34, 10, 20, 61, 15, 10, 27, 16, 14, 13, 13, 16, 16, 24, 14, 14, 18, 18, 58, 38, 14, 48, 36, 31, 46, 28, 28, 17]
[44, 23, 21, 21, 21, 35, 16, 0, 18, 20, 19, 20, 19, 41, 20, 20, 17, 17, 17, 21, 25, 21, 21, 20, 24, 21, 31, 21, 21, 21, 46, 21, 21, 21, 17, 24, 21, 21, 21, 21, 17, 18, 21, 18, 18, 38, 25, 47, 24, 40, 19, 34, 17, 17, 21, 21, 29, 24, 26, 25, 24, 28, 21, 39, 21, 35, 20, 24, 21, 21, 21, 21, 38, 26, 26, 23, 25, 26, 21, 31, 21, 21, 21, 21, 21, 21, 23, 32, 29, 26, 25, 37, 21, 19, 78, 27, 43, 17, 23, 20, 26, 36, 19, 37, 19, 23, 63, 20, 19, 31, 21, 21, 17, 20, 20, 19, 26, 21, 21, 21, 21, 62, 40, 22, 45, 36, 32, 48, 29, 33, 21]
[43, 24, 14, 17, 22, 30, 11, 18, 0, 22, 10, 12, 14, 40, 15, 16, 18, 17, 18, 14, 23, 16, 14, 21, 22, 14, 31, 14, 16, 14, 47, 14, 14, 16, 18, 22, 18, 14, 14, 16, 18, 16, 14, 18, 17, 40, 24, 48, 24, 40, 19, 37, 18, 16, 16, 14, 28, 22, 26, 25, 21, 28, 16, 36, 13, 33, 14, 22, 13, 14, 14, 14, 36, 24, 24, 21, 23, 25, 16, 29, 19, 15, 14, 14, 16, 13, 19, 32, 27, 27, 23, 35, 21, 13, 76, 24, 46, 16, 22, 16, 26, 34, 16, 34, 14, 21, 64, 14, 16, 31, 18, 14, 12, 13, 16, 16, 24, 14, 14, 18, 18, 59, 40, 19, 49, 36, 31, 46, 26, 31, 17]
[42, 25, 22, 22, 22, 33, 20, 20, 22, 0, 20, 20, 18, 40, 23, 24, 21, 22, 20, 21, 25, 22, 22, 24, 23, 22, 31, 22, 24, 21, 45, 22, 22, 22, 22, 24, 23, 22, 22, 24, 22, 20, 22, 22, 22, 38, 24, 45, 20, 39, 22, 35, 20, 20, 23, 21, 28, 24, 25, 23, 22, 29, 22, 37, 22, 33, 21, 22, 22, 22, 22, 22, 37, 22, 24, 24, 23, 24, 22, 29, 22, 22, 22, 22, 22, 22, 24, 30, 24, 26, 25, 35, 22, 22, 78, 29, 42, 22, 24, 24, 24, 36, 20, 35, 20, 23, 63, 22, 20, 32, 22, 20, 21, 21, 24, 24, 26, 22, 20, 23, 23, 56, 38, 24, 45, 35, 29, 43, 28, 32, 23]
[44, 23, 13, 17, 22, 31, 9, 19, 10, 20, 0, 11, 11, 40, 14, 15, 18, 17, 18, 13, 23, 15, 13, 21, 22, 13, 31, 13, 15, 13, 47, 13, 13, 16, 18, 22, 18, 13, 13, 15, 18, 15, 13, 18, 15, 39, 23, 46, 24, 39, 19, 37, 18, 16, 15, 13, 28, 21, 26, 25, 21, 28, 16, 36, 12, 33, 13, 20, 12, 13, 14, 13, 36, 24, 23, 21, 23, 25, 14, 28, 19, 15, 13, 13, 16, 13, 19, 32, 27, 26, 23, 34, 23, 12, 76, 22, 45, 15, 22, 15, 26, 33, 16, 34, 12, 22, 63, 15, 13, 30, 16, 14, 11, 12, 15, 16, 24, 13, 14, 18, 18, 59, 40, 18, 49, 36, 31, 45, 28, 29, 17]
[43, 24, 12, 17, 21, 29, 9, 20, 12, 20, 11, 0, 10, 40, 13, 14, 18, 17, 16, 11, 22, 14, 10, 20, 19, 12, 30, 11, 14, 12, 46, 12, 12, 16, 16, 22, 18, 10, 12, 14, 18, 15, 12, 16, 17, 39, 25, 47, 21, 40, 18, 36, 17, 16, 14, 12, 26, 22, 26, 25, 21, 28, 16, 36, 11, 33, 13, 22, 11, 13, 14, 12, 35, 24, 24, 21, 23, 26, 14, 29, 19, 15, 12, 12, 16, 13, 19, 31, 25, 28, 21, 33, 23, 12, 76, 23, 46, 14, 23, 14, 25, 35, 15, 32, 8, 21, 65, 14, 12, 28, 14, 12, 12, 10, 14, 16, 24, 12, 14, 18, 18, 57, 38, 17, 49, 34, 31, 46, 25, 30, 16]
[41, 24, 10, 15, 22, 28, 12, 19, 14, 18, 11, 10, 0, 38, 11, 12, 16, 16, 16, 9, 23, 13, 10, 20, 20, 10, 28, 13, 14, 9, 46, 10, 10, 16, 18, 21, 17, 12, 10, 12, 18, 15, 10, 18, 17, 41, 24, 47, 22, 41, 19, 36, 16, 16, 14, 11, 28, 20, 26, 25, 22, 27, 16, 37, 10, 33, 13, 22, 10, 13, 14, 10, 37, 24, 24, 21, 23, 26, 12, 29, 18, 15, 10, 12, 16, 13, 20, 31, 24, 28, 23, 33, 23, 10, 78, 27, 44, 12, 22, 12, 26, 34, 15, 33, 9, 21, 64, 13, 12, 29, 14, 11, 11, 10, 12, 16, 23, 10, 14, 17, 18, 58, 38, 19, 47, 30, 31, 44, 24, 32, 17]
[44, 40, 38, 37, 38, 37, 40, 41, 40, 40, 40, 40, 38, 0, 35, 37, 38, 41, 40, 38, 35, 40, 40, 40, 38, 38, 42, 40, 40, 39, 44, 40, 39, 39, 40, 38, 40, 40, 40, 41, 40, 40, 40, 40, 40, 42, 38, 45, 40, 39, 41, 41, 40, 40, 41, 39, 37, 38, 39, 38, 40, 35, 38, 30, 40, 35, 37, 39, 40, 40, 40, 40, 40, 38, 40, 33, 40, 41, 42, 39, 40, 40, 40, 37, 30, 39, 40, 40, 38, 42, 40, 36, 40, 40, 77, 40, 46, 41, 39, 39, 40, 42, 42, 38, 40, 39, 64, 38, 42, 40, 42, 40, 39, 39, 39, 39, 38, 40, 38, 38, 34, 58, 42, 40, 49, 38, 38, 46, 38, 38, 40]
[44, 25, 9, 18, 23, 35, 15, 20, 15, 23, 14, 13, 11, 35, 0, 5, 18, 17, 17, 11, 23, 13, 9, 21, 23, 10, 30, 14, 14, 11, 49, 9, 11, 17, 17, 23, 19, 13, 10, 9, 17, 14, 11, 17, 16, 42, 26, 50, 25, 41, 18, 38, 17, 15, 14, 13, 29, 23, 26, 25, 23, 28, 17, 37, 9, 34, 14, 23, 8, 14, 15, 10, 37, 23, 24, 22, 23, 26, 11, 30, 20, 16, 10, 12, 16, 14, 22, 33, 29, 28, 24, 36, 23, 11, 80, 28, 47, 12, 23, 7, 27, 36, 17, 36, 14, 23, 65, 16, 14, 34, 18, 15, 13, 10, 10, 14, 24, 9, 15, 18, 16, 61, 41, 22, 51, 37, 31, 47, 29, 33, 18]
[46, 25, 10, 19, 24, 36, 16, 20, 16, 24, 15, 14, 12, 37, 5, 0, 18, 17, 18, 12, 24, 13, 10, 22, 24, 11, 29, 15, 14, 12, 49, 10, 11, 18, 17, 24, 20, 14, 11, 8, 17, 15, 12, 17, 17, 43, 27, 51, 25, 42, 18, 38, 18, 16, 15, 14, 30, 24, 27, 26, 24, 29, 17, 37, 10, 34, 15, 23, 9, 15, 16, 11, 37, 25, 24, 23, 24, 26, 11, 31, 21, 17, 11, 13, 17, 15, 23, 34, 29, 28, 25, 37, 22, 12, 81, 29, 47, 12, 24, 7, 28, 37, 17, 37, 15, 24, 65, 17, 14, 35, 18, 16, 14, 11, 8, 12, 25, 10, 16, 19, 18, 62, 42, 23, 51, 38, 33, 48, 30, 34, 19]
[39, 26, 18, 19, 20, 36, 18, 17, 18, 21, 18, 18, 16, 38, 18, 18, 0, 14, 12, 18, 25, 18, 16, 14, 22, 18, 25, 16, 18, 17, 45, 18, 18, 17, 10, 21, 18, 16, 18, 18, 12, 13, 18, 11, 15, 36, 19, 44, 21, 38, 14, 28, 12, 12, 17, 17, 29, 22, 24, 24, 24, 29, 18, 38, 18, 35, 18, 24, 18, 18, 18, 18, 38, 26, 26, 23, 25, 26, 18, 30, 20, 18, 18, 18, 18, 18, 23, 32, 28, 22, 25, 37, 21, 16, 77, 27, 45, 15, 23, 18, 24, 37, 18, 37, 18, 25, 63, 18, 18, 35, 18, 18, 17, 18, 17, 18, 26, 18, 18, 17, 20, 62, 39, 21, 49, 35, 33, 48, 30, 33, 19]
[42, 25, 17, 19, 20, 36, 17, 17, 17, 22, 17, 17, 16, 41, 17, 17, 14, 0, 14, 17, 25, 17, 17, 18, 24, 17, 30, 17, 17, 17, 47, 17, 17, 18, 14, 23, 19, 17, 17, 17, 14, 14, 17, 15, 15, 40, 24, 48, 23, 39, 16, 32, 14, 13, 16, 17, 29, 23, 26, 23, 24, 29, 18, 38, 17, 35, 17, 22, 17, 17, 17, 17, 39, 26, 26, 23, 25, 26, 17, 31, 19, 17, 17, 17, 18, 17, 23, 34, 30, 23, 24, 37, 19, 13, 76, 26, 43, 13, 23, 17, 24, 37, 17, 37, 17, 25, 62, 17, 17, 35, 18, 16, 16, 17, 17, 17, 26, 17, 17, 19, 20, 61, 38, 20, 46, 35, 33, 47, 30, 33, 19]
[41, 26, 16, 19, 18, 34, 16, 17, 18, 20, 18, 16, 16, 40, 17, 18, 12, 14, 0, 14, 22, 16, 10, 10, 16, 12, 29, 15, 16, 12, 39, 12, 12, 16, 8, 20, 16, 14, 12, 16, 8, 7, 12, 9, 9, 28, 16, 39, 14, 33, 9, 27, 6, 6, 17, 18, 25, 24, 25, 22, 24, 28, 18, 36, 16, 33, 17, 24, 16, 18, 18, 16, 37, 24, 25, 21, 25, 26, 17, 31, 21, 18, 16, 18, 17, 18, 23, 31, 24, 22, 23, 33, 21, 16, 78, 27, 45, 15, 21, 18, 21, 37, 18, 35, 16, 25, 63, 18, 16, 31, 18, 18, 18, 16, 18, 18, 26, 16, 16, 18, 20, 60, 35, 19, 47, 34, 30, 46, 28, 29, 19]
[42, 24, 6, 16, 22, 31, 14, 21, 14, 21, 13, 11, 9, 38, 11, 12, 18, 17, 14, 0, 21, 11, 8, 18, 16, 7, 27, 9, 8, 8, 42, 8, 8, 14, 16, 20, 16, 8, 6, 10, 16, 14, 8, 16, 15, 36, 23, 47, 21, 39, 17, 34, 14, 14, 13, 10, 24, 18, 24, 21, 22, 28, 16, 35, 10, 31, 13, 22, 10, 13, 14, 10, 37, 24, 24, 19, 23, 26, 12, 29, 19, 15, 10, 12, 15, 13, 21, 32, 25, 28, 23, 33, 23, 10, 79, 27, 46, 12, 22, 12, 26, 35, 17, 33, 12, 22, 65, 14, 14, 32, 17, 13, 12, 10, 12, 16, 20, 10, 14, 18, 18, 57, 40, 19, 50, 31, 32, 46, 25, 30, 17]
[40, 24, 19, 25, 25, 32, 23, 25, 23, 25, 23, 22, 23, 35, 23, 24, 25, 25, 22, 21, 0, 20, 20, 21, 22, 19, 31, 21, 21, 21, 41, 18, 19, 23, 22, 21, 18, 21, 18, 18, 20, 16, 20, 21, 17, 37, 24, 38, 24, 31, 20, 34, 22, 18, 23, 23, 27, 23, 26, 24, 23, 24, 22, 32, 23, 28, 23, 23, 23, 23, 23, 23, 37, 26, 24, 22, 23, 26, 25, 29, 23, 23, 23, 21, 18, 23, 23, 33, 27, 26, 23, 33, 25, 23, 77, 27, 45, 25, 23, 24, 28, 35, 23, 32, 23, 23, 64, 23, 25, 33, 25, 23, 23, 21, 25, 25, 24, 21, 21, 23, 21, 58, 40, 23, 50, 34, 32, 45, 26, 32, 23]
[42, 24, 9, 16, 22, 34, 16, 21, 16, 22, 15, 14, 13, 40, 13, 13, 18, 17, 16, 11, 20, 0, 13, 16, 15, 9, 25, 12, 6, 11, 43, 12, 9, 16, 17, 20, 14, 13, 8, 6, 16, 10, 10, 17, 9, 38, 22, 47, 22, 38, 16, 32, 16, 12, 12, 12, 26, 21, 25, 22, 24, 29, 18, 37, 13, 33, 15, 24, 12, 15, 16, 13, 39, 23, 26, 21, 24, 24, 13, 30, 20, 15, 13, 14, 16, 15, 22, 32, 26, 26, 24, 35, 22, 13, 80, 29, 46, 13, 22, 13, 26, 35, 17, 35, 15, 25, 62, 17, 14, 35, 18, 16, 14, 11, 13, 16, 24, 11, 14, 20, 20, 60, 40, 23, 47, 36, 32, 45, 28, 32, 18]
[44, 24, 8, 17, 21, 34, 12, 21, 14, 22, 13, 10, 10, 40, 9, 10, 16, 17, 10, 8, 20, 13, 0, 12, 16, 5, 25, 5, 10, 6, 44, 4, 6, 10, 10, 16, 12, 4, 5, 9, 14, 10, 6, 10, 12, 33, 19, 43, 18, 37, 14, 33, 10, 10, 15, 12, 26, 22, 25, 25, 22, 28, 16, 37, 8, 33, 13, 22, 8, 13, 14, 9, 35, 24, 23, 21, 23, 26, 11, 29, 19, 15, 9, 12, 16, 13, 21, 32, 24, 26, 21, 33, 23, 10, 79, 27, 46, 12, 22, 10, 25, 35, 17, 35, 11, 23, 65, 15, 12, 31, 16, 14, 12, 9, 12, 16, 24, 8, 14, 18, 18, 60, 38, 19, 50, 36, 32, 46, 28, 30, 15]
[42, 25, 18, 21, 21, 34, 19, 20, 21, 24, 21, 20, 20, 40, 21, 22, 14, 18, 10, 18, 21, 16, 12, 0, 16, 16, 25, 13, 16, 16, 40, 16, 16, 22, 7, 19, 16, 12, 16, 18, 12, 10, 16, 9, 13, 30, 14, 38, 18, 34, 13, 30, 10, 10, 19, 22, 26, 24, 26, 25, 24, 30, 22, 37, 20, 33, 22, 24, 19, 22, 22, 20, 37, 26, 26, 21, 25, 23, 22, 30, 22, 20, 19, 22, 20, 22, 23, 33, 28, 22, 23, 33, 22, 20, 79, 27, 46, 19, 19, 21, 23, 37, 22, 35, 20, 25, 61, 21, 20, 33, 22, 22, 20, 20, 22, 22, 25, 20, 20, 22, 22, 60, 39, 21, 49, 36, 34, 47, 28, 29, 22]
[42, 23, 20, 22, 22, 31, 20, 24, 22, 23, 22, 19, 20, 38, 23, 24, 22, 24, 16, 16, 22, 15, 16, 16, 0, 17, 26, 18, 18, 16, 39, 18, 18, 19, 18, 17, 15, 18, 17, 19, 20, 17, 18, 18, 15, 35, 17, 41, 20, 39, 18, 33, 18, 18, 20, 22, 24, 21, 25, 26, 22, 28, 22, 35, 22, 31, 22, 22, 21, 22, 22, 22, 37, 26, 23, 23, 23, 25, 24, 28, 22, 21, 21, 22, 20, 22, 22, 31, 26, 26, 23, 31, 24, 22, 78, 27, 44, 24, 24, 23, 24, 33, 24, 33, 19, 23, 64, 22, 22, 31, 22, 22, 22, 22, 23, 24, 24, 20, 20, 20, 22, 56, 38, 21, 48, 33, 32, 46, 27, 28, 21]
[41, 22, 6, 16, 22, 32, 14, 21, 14, 22, 13, 12, 10, 38, 10, 11, 18, 17, 12, 7, 19, 9, 5, 16, 17, 0, 26, 7, 8, 6, 43, 4, 5, 12, 14, 17, 13, 8, 3, 7, 12, 9, 4, 14, 10, 36, 21, 45, 20, 38, 14, 32, 12, 10, 14, 12, 26, 20, 23, 22, 22, 27, 16, 35, 9, 31, 13, 22, 9, 13, 14, 9, 37, 23, 23, 19, 23, 25, 11, 28, 19, 14, 9, 12, 14, 13, 20, 32, 28, 28, 22, 33, 22, 10, 78, 26, 44, 12, 22, 11, 26, 35, 17, 33, 13, 23, 64, 15, 14, 33, 18, 14, 12, 8, 12, 16, 22, 9, 12, 17, 18, 58, 40, 20, 49, 34, 32, 46, 26, 30, 16]
[44, 30, 29, 29, 31, 36, 31, 31, 31, 31, 31, 30, 28, 42, 30, 29, 25, 30, 29, 27, 31, 25, 25, 25, 26, 26, 0, 23, 23, 24, 46, 26, 23, 26, 26, 25, 23, 23, 25, 23, 28, 27, 24, 27, 26, 37, 29, 49, 29, 41, 29, 34, 29, 28, 27, 30, 31, 29, 31, 31, 31, 31, 31, 39, 31, 35, 31, 31, 29, 29, 30, 28, 39, 29, 31, 31, 29, 30, 31, 29, 28, 29, 29, 31, 31, 31, 29, 33, 30, 30, 30, 37, 30, 31, 79, 31, 48, 31, 31, 29, 31, 36, 31, 37, 30, 31, 63, 30, 31, 35, 30, 29, 30, 29, 29, 31, 31, 29, 31, 28, 30, 61, 42, 31, 50, 35, 33, 47, 31, 34, 30]
[42, 22, 10, 15, 21, 34, 12, 21, 14, 22, 13, 11, 13, 40, 14, 15, 16, 17, 15, 9, 21, 12, 5, 13, 18, 7, 23, 0, 10, 9, 42, 8, 8, 12, 12, 16, 12, 1, 4, 10, 16, 12, 8, 13, 15, 30, 20, 43, 20, 39, 17, 33, 14, 14, 15, 13, 24, 20, 25, 23, 22, 27, 16, 37, 13, 33, 13, 22, 12, 13, 14, 13, 35, 24, 23, 21, 23, 25, 15, 28, 19, 13, 12, 13, 16, 13, 21, 33, 26, 26, 21, 33, 22, 13, 78, 27, 45, 15, 24, 14, 25, 35, 17, 35, 11, 23, 64, 15, 13, 31, 17, 14, 13, 11, 15, 16, 22, 13, 14, 18, 18, 60, 38, 19, 50, 34, 32, 45, 28, 30, 16]
[42, 25, 8, 18, 24, 34, 16, 21, 16, 24, 15, 14, 14, 40, 14, 14, 18, 17, 16, 8, 21, 6, 10, 16, 18, 8, 23, 10, 0, 8, 43, 9, 6, 14, 16, 18, 12, 10, 6, 8, 15, 13, 7, 14, 12, 36, 23, 47, 20, 39, 14, 30, 16, 15, 15, 12, 26, 22, 24, 21, 24, 29, 18, 37, 14, 33, 15, 24, 14, 15, 16, 14, 39, 25, 25, 20, 24, 25, 14, 30, 20, 16, 14, 14, 18, 15, 22, 32, 26, 26, 24, 35, 22, 14, 81, 29, 47, 14, 22, 14, 28, 35, 17, 35, 15, 25, 62, 17, 14, 35, 18, 16, 14, 12, 14, 16, 22, 12, 16, 20, 20, 60, 42, 21, 47, 34, 33, 47, 28, 32, 18]
[44, 24, 10, 17, 22, 33, 14, 21, 14, 21, 13, 12, 9, 39, 11, 12, 17, 17, 12, 8, 21, 11, 6, 16, 16, 6, 24, 9, 8, 0, 44, 6, 4, 12, 14, 18, 12, 8, 6, 8, 14, 12, 4, 12, 14, 37, 19, 41, 18, 39, 13, 31, 12, 12, 15, 11, 27, 21, 25, 25, 22, 27, 16, 37, 10, 33, 13, 22, 10, 13, 14, 10, 37, 24, 23, 21, 23, 26, 12, 29, 18, 15, 10, 12, 16, 13, 21, 31, 25, 26, 23, 35, 23, 10, 78, 27, 46, 12, 22, 12, 26, 35, 17, 35, 13, 23, 64, 14, 14, 33, 18, 14, 11, 10, 12, 16, 23, 8, 14, 17, 17, 59, 40, 21, 50, 35, 31, 46, 28, 32, 17]
[46, 46, 45, 45, 45, 42, 47, 46, 47, 45, 47, 46, 46, 44, 49, 49, 45, 47, 39, 42, 41, 43, 44, 40, 39, 43, 46, 42, 43, 44, 0, 43, 44, 43, 41, 42, 42, 42, 42, 47, 41, 40, 44, 43, 40, 42, 37, 49, 39, 45, 42, 45, 39, 40, 46, 46, 46, 44, 44, 46, 47, 47, 46, 46, 48, 45, 47, 46, 47, 47, 48, 48, 48, 46, 46, 46, 47, 49, 48, 47, 47, 47, 47, 48, 46, 46, 47, 45, 43, 44, 47, 46, 45, 46, 76, 46, 50, 48, 48, 49, 47, 48, 50, 46, 46, 46, 64, 43, 50, 47, 47, 46, 44, 47, 47, 47, 46, 46, 46, 45, 48, 58, 46, 46, 52, 46, 47, 50, 46, 46, 47]
[43, 22, 7, 16, 22, 34, 14, 21, 14, 22, 13, 12, 10, 40, 9, 10, 18, 17, 12, 8, 18, 12, 4, 16, 18, 4, 26, 8, 9, 6, 43, 0, 5, 12, 14, 17, 13, 7, 4, 8, 10, 8, 2, 14, 10, 36, 20, 45, 20, 37, 15, 34, 12, 6, 15, 12, 28, 22, 25, 24, 22, 27, 16, 37, 8, 33, 13, 22, 8, 13, 14, 9, 37, 24, 23, 21, 23, 25, 11, 28, 19, 14, 9, 12, 16, 13, 21, 33, 28, 28, 22, 35, 22, 10, 78, 27, 44, 12, 22, 10, 26, 35, 17, 35, 13, 23, 64, 15, 14, 33, 18, 14, 12, 8, 12, 16, 24, 8, 14, 17, 18, 60, 40, 21, 50, 36, 32, 45, 28, 32, 16]
[42, 23, 8, 17, 22, 34, 14, 21, 14, 22, 13, 12, 10, 39, 11, 11, 18, 17, 12, 8, 19, 9, 6, 16, 18, 5, 23, 8, 6, 4, 44, 5, 0, 11, 14, 16, 10, 8, 4, 6, 13, 10, 3, 12, 13, 35, 19, 43, 18, 39, 13, 32, 12, 11, 15, 12, 28, 22, 25, 24, 22, 26, 16, 37, 10, 33, 13, 22, 10, 13, 14, 10, 37, 24, 23, 21, 23, 25, 12, 28, 19, 13, 10, 12, 16, 13, 21, 31, 26, 26, 22, 35, 22, 10, 79, 27, 45, 12, 22, 12, 26, 35, 17, 35, 13, 23, 64, 15, 14, 33, 18, 14, 12, 8, 12, 15, 24, 8, 14, 18, 18, 60, 40, 21, 50, 36, 32, 45, 28, 32, 16]
[42, 24, 16, 19, 24, 34, 16, 21, 16, 22, 16, 16, 16, 39, 17, 18, 17, 18, 16, 14, 23, 16, 10, 22, 19, 12, 26, 12, 14, 12, 43, 12, 11, 0, 18, 18, 14, 12, 12, 16, 18, 18, 12, 18, 17, 35, 22, 45, 20, 39, 19, 35, 18, 18, 18, 16, 28, 22, 25, 25, 22, 28, 16, 36, 16, 33, 16, 22, 16, 16, 15, 16, 37, 24, 24, 21, 23, 26, 18, 27, 19, 16, 16, 16, 16, 16, 21, 32, 26, 26, 21, 34, 21, 16, 78, 27, 44, 18, 24, 18, 26, 35, 18, 35, 16, 23, 63, 16, 18, 31, 18, 16, 16, 16, 18, 18, 24, 16, 16, 18, 18, 59, 37, 21, 50, 35, 31, 46, 28, 28, 17]
[42, 25, 17, 19, 19, 36, 16, 17, 18, 22, 18, 16, 18, 40, 17, 17, 10, 14, 8, 16, 22, 17, 10, 7, 18, 14, 26, 12, 16, 14, 41, 14, 14, 18, 0, 18, 16, 11, 14, 14, 6, 9, 14, 3, 10, 29, 16, 40, 16, 36, 7, 28, 8, 8, 18, 18, 27, 24, 26, 23, 24, 28, 18, 37, 18, 35, 18, 24, 17, 18, 18, 18, 37, 26, 25, 23, 25, 25, 18, 30, 21, 17, 17, 16, 18, 18, 22, 32, 26, 22, 24, 35, 20, 16, 79, 26, 46, 15, 23, 16, 23, 37, 18, 37, 16, 25, 63, 18, 16, 33, 18, 18, 18, 17, 18, 18, 26, 18, 18, 18, 20, 62, 37, 19, 49, 37, 34, 48, 30, 31, 18]
[42, 24, 20, 24, 24, 34, 22, 24, 22, 24, 22, 22, 21, 38, 23, 24, 21, 23, 20, 20, 21, 20, 16, 19, 17, 17, 25, 16, 18, 18, 42, 17, 16, 18, 18, 0, 6, 16, 16, 19, 19, 18, 17, 18, 18, 35, 19, 43, 24, 41, 20, 34, 18, 19, 23, 22, 28, 22, 25, 26, 22, 28, 22, 35, 22, 33, 20, 22, 22, 22, 22, 22, 37, 26, 23, 23, 23, 26, 24, 29, 22, 22, 22, 22, 20, 22, 22, 33, 28, 28, 23, 35, 24, 22, 77, 27, 45, 24, 24, 24, 28, 35, 24, 35, 22, 23, 64, 22, 24, 33, 24, 21, 22, 20, 22, 24, 24, 22, 22, 22, 22, 60, 40, 22, 49, 35, 32, 45, 28, 31, 22]
[42, 23, 16, 20, 24, 34, 18, 21, 18, 23, 18, 18, 17, 40, 19, 20, 18, 19, 16, 16, 18, 14, 12, 16, 15, 13, 23, 12, 12, 12, 42, 13, 10, 14, 16, 6, 0, 12, 12, 14, 15, 13, 11, 15, 12, 36, 17, 41, 20, 36, 16, 29, 14, 14, 17, 18, 28, 22, 25, 25, 22, 28, 18, 37, 18, 33, 18, 22, 18, 18, 18, 18, 37, 24, 23, 21, 23, 25, 20, 28, 19, 18, 18, 18, 18, 18, 21, 31, 26, 26, 22, 35, 23, 18, 78, 27, 45, 20, 24, 20, 26, 35, 20, 35, 18, 23, 64, 18, 20, 33, 20, 17, 18, 16, 19, 20, 24, 16, 18, 18, 18, 60, 40, 21, 50, 35, 31, 45, 28, 31, 18]
[42, 23, 10, 15, 21, 34, 12, 21, 14, 22, 13, 10, 12, 40, 13, 14, 16, 17, 14, 8, 21, 13, 4, 12, 18, 8, 23, 1, 10, 8, 42, 7, 8, 12, 11, 16, 12, 0, 5, 11, 16, 12, 8, 12, 15, 30, 20, 43, 19, 39, 16, 33, 13, 13, 15, 12, 24, 20, 25, 23, 22, 27, 16, 37, 12, 33, 13, 22, 11, 13, 14, 12, 35, 24, 23, 21, 23, 25, 14, 28, 19, 13, 11, 12, 16, 13, 21, 33, 26, 26, 21, 33, 22, 12, 79, 27, 46, 14, 23, 13, 25, 35, 17, 35, 11, 23, 64, 15, 12, 31, 16, 14, 12, 11, 14, 16, 22, 12, 14, 18, 18, 60, 38, 19, 50, 34, 32, 45, 28, 30, 16]
[42, 22, 6, 15, 22, 34, 14, 21, 14, 22, 13, 12, 10, 40, 10, 11, 18, 17, 12, 6, 18, 8, 5, 16, 17, 3, 25, 4, 6, 6, 42, 4, 4, 12, 14, 16, 12, 5, 0, 6, 12, 8, 4, 14, 11, 34, 21, 45, 20, 36, 14, 34, 12, 10, 15, 10, 26, 20, 25, 22, 22, 27, 16, 37, 9, 33, 13, 22, 9, 13, 14, 9, 37, 24, 23, 21, 23, 25, 11, 28, 19, 13, 9, 12, 16, 13, 21, 33, 26, 28, 22, 35, 22, 10, 78, 27, 44, 12, 22, 11, 26, 35, 17, 35, 13, 23, 64, 15, 14, 33, 18, 14, 12, 7, 12, 16, 22, 9, 14, 18, 18, 60, 40, 21, 50, 34, 32, 45, 28, 32, 16]
[44, 24, 8, 16, 24, 36, 16, 21, 16, 24, 15, 14, 12, 41, 9, 8, 18, 17, 16, 10, 18, 6, 9, 18, 19, 7, 23, 10, 8, 8, 47, 8, 6, 16, 14, 19, 14, 11, 6, 0, 12, 12, 6, 12, 11, 39, 23, 47, 22, 40, 12, 34, 15, 14, 13, 14, 30, 24, 27, 25, 24, 28, 18, 37, 10, 35, 15, 24, 9, 15, 16, 11, 39, 25, 26, 23, 25, 25, 11, 30, 21, 15, 11, 12, 17, 15, 23, 33, 28, 26, 24, 37, 22, 12, 80, 29, 46, 12, 24, 9, 28, 37, 17, 37, 15, 25, 64, 17, 14, 35, 18, 16, 14, 9, 12, 16, 24, 8, 16, 20, 18, 62, 42, 23, 51, 38, 34, 47, 30, 34, 18]
[42, 25, 17, 19, 20, 36, 18, 17, 18, 22, 18, 18, 18, 40, 17, 17, 12, 14, 8, 16, 20, 16, 14, 12, 20, 12, 28, 16, 15, 14, 41, 10, 13, 18, 6, 19, 15, 16, 12, 12, 0, 7, 10, 7, 9, 33, 18, 42, 17, 36, 8, 28, 8, 4, 18, 18, 29, 24, 26, 22, 24, 28, 18, 37, 18, 35, 18, 24, 18, 18, 18, 18, 39, 26, 25, 23, 25, 25, 18, 30, 21, 18, 18, 16, 18, 18, 23, 32, 27, 22, 24, 37, 20, 16, 76, 27, 44, 15, 23, 17, 24, 37, 18, 37, 18, 25, 62, 18, 18, 35, 18, 18, 18, 17, 18, 18, 26, 18, 18, 17, 20, 62, 37, 21, 49, 37, 34, 48, 30, 33, 19]
[38, 25, 11, 15, 19, 34, 15, 18, 16, 20, 15, 15, 15, 40, 14, 15, 13, 14, 7, 14, 16, 10, 10, 10, 17, 9, 27, 12, 13, 12, 40, 8, 10, 18, 9, 18, 13, 12, 8, 12, 7, 0, 10, 8, 3, 29, 14, 39, 14, 31, 8, 29, 7, 3, 14, 15, 28, 23, 24, 22, 24, 29, 18, 37, 14, 33, 15, 23, 13, 15, 16, 15, 39, 24, 25, 21, 25, 25, 15, 30, 21, 17, 15, 15, 16, 15, 23, 32, 28, 22, 24, 35, 21, 14, 79, 28, 44, 13, 21, 15, 23, 37, 17, 35, 15, 25, 62, 17, 15, 35, 18, 16, 15, 13, 15, 16, 26, 14, 14, 18, 20, 60, 36, 22, 47, 36, 32, 45, 28, 30, 19]
[43, 22, 9, 17, 22, 34, 14, 21, 14, 22, 13, 12, 10, 40, 11, 12, 18, 17, 12, 8, 20, 10, 6, 16, 18, 4, 24, 8, 7, 4, 44, 2, 3, 12, 14, 17, 11, 8, 4, 6, 10, 10, 0, 12, 12, 36, 19, 43, 18, 39, 13, 32, 12, 8, 15, 12, 28, 22, 25, 24, 22, 27, 16, 37, 10, 33, 13, 22, 10, 13, 14, 10, 37, 24, 23, 21, 23, 25, 12, 28, 19, 14, 10, 12, 16, 13, 21, 31, 26, 26, 22, 35, 22, 10, 78, 27, 44, 12, 22, 12, 26, 35, 17, 35, 13, 23, 64, 15, 14, 33, 18, 14, 12, 9, 12, 16, 24, 8, 14, 17, 18, 60, 40, 21, 50, 36, 32, 46, 28, 32, 16]
[42, 26, 18, 19, 20, 36, 16, 18, 18, 22, 18, 16, 18, 40, 17, 17, 11, 15, 9, 16, 21, 17, 10, 9, 18, 14, 27, 13, 14, 12, 43, 14, 12, 18, 3, 18, 15, 12, 14, 12, 7, 8, 12, 0, 10, 29, 15, 39, 13, 35, 4, 27, 8, 9, 18, 18, 28, 24, 26, 24, 24, 28, 18, 37, 18, 35, 18, 23, 18, 18, 18, 18, 37, 26, 25, 23, 25, 26, 18, 31, 21, 18, 18, 16, 18, 18, 23, 31, 26, 23, 24, 35, 21, 17, 80, 28, 46, 16, 23, 17, 24, 37, 18, 37, 16, 25, 63, 18, 16, 33, 18, 18, 18, 18, 18, 18, 26, 16, 18, 18, 20, 62, 36, 20, 50, 38, 34, 48, 30, 30, 19]
[41, 25, 14, 18, 19, 34, 15, 18, 17, 22, 15, 17, 17, 40, 16, 17, 15, 15, 9, 15, 17, 9, 12, 13, 15, 10, 26, 15, 12, 14, 40, 10, 13, 17, 10, 18, 12, 15, 11, 11, 9, 3, 12, 10, 0, 32, 16, 39, 16, 31, 10, 28, 9, 5, 14, 17, 28, 23, 24, 22, 24, 29, 18, 37, 16, 33, 17, 23, 15, 17, 17, 17, 39, 26, 25, 21, 25, 25, 16, 30, 21, 17, 17, 17, 17, 17, 23, 31, 28, 22, 24, 35, 21, 16, 79, 27, 44, 15, 21, 17, 25, 37, 17, 35, 17, 25, 62, 17, 17, 35, 18, 17, 16, 16, 17, 17, 26, 15, 16, 20, 20, 60, 38, 22, 47, 36, 34, 48, 28, 30, 19]
[40, 40, 38, 37, 37, 41, 37, 38, 40, 38, 39, 39, 41, 42, 42, 43, 36, 40, 28, 36, 37, 38, 33, 30, 35, 36, 37, 30, 36, 37, 42, 36, 35, 35, 29, 35, 36, 30, 34, 39, 33, 29, 36, 29, 32, 0, 34, 44, 28, 41, 32, 36, 29, 31, 41, 40, 39, 40, 41, 38, 41, 40, 41, 42, 41, 41, 36, 40, 40, 40, 41, 41, 40, 40, 41, 34, 41, 42, 42, 38, 40, 39, 40, 41, 38, 41, 41, 40, 37, 37, 39, 36, 39, 40, 75, 40, 46, 41, 42, 42, 39, 41, 43, 41, 39, 41, 62, 40, 41, 40, 41, 41, 39, 39, 42, 43, 40, 41, 41, 39, 41, 61, 38, 38, 47, 43, 41, 47, 41, 41, 39]
[42, 25, 23, 23, 24, 32, 23, 25, 24, 24, 23, 25, 24, 38, 26, 27, 19, 24, 16, 23, 24, 22, 19, 14, 17, 21, 29, 20, 23, 19, 37, 20, 19, 22, 16, 19, 17, 20, 21, 23, 18, 14, 19, 15, 16, 34, 0, 33, 18, 34, 16, 33, 12, 15, 24, 25, 26, 25, 26, 27, 25, 28, 25, 35, 25, 31, 25, 24, 25, 25, 25, 25, 36, 27, 24, 24, 24, 27, 26, 29, 25, 25, 25, 25, 23, 25, 25, 32, 28, 24, 25, 32, 25, 24, 78, 26, 46, 25, 25, 27, 25, 35, 27, 31, 25, 25, 63, 25, 27, 32, 27, 25, 24, 25, 27, 27, 25, 23, 23, 23, 25, 58, 39, 24, 50, 34, 32, 46, 28, 28, 25]
[48, 48, 47, 47, 46, 45, 46, 47, 48, 45, 46, 47, 47, 45, 50, 51, 44, 48, 39, 47, 38, 47, 43, 38, 41, 45, 49, 43, 47, 41, 49, 45, 43, 45, 40, 43, 41, 43, 45, 47, 42, 39, 43, 39, 39, 44, 33, 0, 39, 35, 39, 43, 38, 40, 48, 49, 46, 47, 47, 44, 49, 46, 49, 46, 48, 46, 47, 48, 49, 48, 47, 48, 49, 49, 47, 44, 48, 50, 48, 47, 48, 47, 49, 46, 44, 47, 48, 47, 45, 46, 48, 45, 46, 46, 79, 47, 47, 49, 45, 51, 46, 48, 48, 43, 48, 48, 65, 48, 50, 48, 50, 49, 48, 46, 50, 51, 47, 47, 46, 47, 49, 58, 47, 46, 50, 49, 49, 51, 45, 48, 47]
[40, 26, 24, 22, 23, 34, 24, 24, 24, 20, 24, 21, 22, 40, 25, 25, 21, 23, 14, 21, 24, 22, 18, 18, 20, 20, 29, 20, 20, 18, 39, 20, 18, 20, 16, 24, 20, 19, 20, 22, 17, 14, 18, 13, 16, 28, 18, 39, 0, 37, 12, 33, 11, 15, 24, 23, 28, 26, 25, 23, 26, 30, 23, 36, 24, 33, 24, 26, 24, 24, 24, 24, 38, 24, 26, 22, 26, 26, 26, 31, 25, 24, 24, 24, 24, 23, 26, 28, 26, 26, 26, 34, 24, 24, 80, 29, 46, 24, 26, 26, 23, 37, 26, 35, 22, 24, 63, 24, 25, 33, 25, 22, 24, 24, 26, 26, 26, 22, 24, 24, 24, 58, 35, 26, 48, 36, 32, 45, 28, 30, 23]
[42, 41, 39, 41, 38, 38, 39, 40, 40, 39, 39, 40, 41, 39, 41, 42, 38, 39, 33, 39, 31, 38, 37, 34, 39, 38, 41, 39, 39, 39, 45, 37, 39, 39, 36, 41, 36, 39, 36, 40, 36, 31, 39, 35, 31, 41, 34, 35, 37, 0, 34, 37, 34, 32, 40, 41, 38, 38, 38, 35, 41, 42, 41, 38, 41, 41, 39, 40, 41, 41, 41, 40, 43, 41, 41, 37, 41, 43, 40, 41, 41, 41, 41, 40, 35, 41, 41, 41, 37, 38, 41, 41, 37, 38, 79, 41, 44, 39, 41, 42, 40, 43, 41, 41, 41, 41, 64, 40, 43, 43, 43, 41, 40, 41, 42, 43, 39, 39, 39, 41, 40, 60, 41, 39, 48, 39, 41, 48, 41, 41, 41]
[41, 26, 19, 19, 21, 36, 18, 19, 19, 22, 19, 18, 19, 41, 18, 18, 14, 16, 9, 17, 20, 16, 14, 13, 18, 14, 29, 17, 14, 13, 42, 15, 13, 19, 7, 20, 16, 16, 14, 12, 8, 8, 13, 4, 10, 32, 16, 39, 12, 34, 0, 25, 10, 10, 19, 19, 29, 24, 26, 24, 24, 28, 19, 35, 19, 35, 17, 23, 19, 19, 19, 19, 38, 26, 25, 23, 25, 26, 17, 31, 21, 19, 19, 17, 18, 19, 23, 30, 26, 23, 25, 36, 21, 18, 79, 28, 46, 17, 23, 18, 25, 37, 19, 37, 18, 24, 63, 19, 18, 34, 19, 19, 19, 19, 19, 19, 26, 17, 19, 18, 20, 62, 37, 21, 50, 38, 34, 48, 30, 31, 19]
[41, 37, 36, 37, 34, 37, 36, 34, 37, 35, 37, 36, 36, 41, 38, 38, 28, 32, 27, 34, 34, 32, 33, 30, 33, 32, 34, 33, 30, 31, 45, 34, 32, 35, 28, 34, 29, 33, 34, 34, 28, 29, 32, 27, 28, 36, 33, 43, 33, 37, 25, 0, 28, 28, 35, 37, 35, 35, 37, 34, 38, 37, 38, 37, 38, 38, 36, 38, 37, 36, 37, 38, 39, 37, 38, 37, 37, 36, 36, 37, 36, 37, 37, 38, 38, 38, 37, 36, 35, 33, 35, 38, 34, 35, 75, 36, 46, 35, 37, 37, 34, 38, 38, 37, 36, 38, 62, 35, 36, 36, 36, 37, 35, 38, 37, 38, 37, 35, 38, 35, 37, 61, 39, 34, 46, 37, 36, 48, 38, 38, 35]
[41, 26, 16, 19, 17, 34, 18, 17, 18, 20, 18, 17, 16, 40, 17, 18, 12, 14, 6, 14, 22, 16, 10, 10, 18, 12, 29, 14, 16, 12, 39, 12, 12, 18, 8, 18, 14, 13, 12, 15, 8, 7, 12, 8, 9, 29, 12, 38, 11, 34, 10, 28, 0, 6, 17, 18, 26, 24, 25, 22, 24, 30, 18, 37, 16, 33, 18, 24, 16, 18, 18, 16, 38, 24, 25, 21, 24, 26, 18, 31, 21, 18, 16, 18, 17, 18, 23, 32, 26, 22, 25, 34, 21, 16, 79, 27, 45, 15, 21, 18, 21, 37, 18, 35, 18, 25, 63, 18, 18, 34, 18, 18, 18, 16, 18, 18, 26, 16, 16, 18, 20, 60, 36, 21, 48, 36, 32, 46, 28, 31, 19]
[40, 25, 13, 18, 18, 34, 16, 17, 16, 20, 16, 16, 16, 40, 15, 16, 12, 13, 6, 14, 18, 12, 10, 10, 18, 10, 28, 14, 15, 12, 40, 6, 11, 18, 8, 19, 14, 13, 10, 14, 4, 3, 8, 9, 5, 31, 15, 40, 15, 32, 10, 28, 6, 0, 15, 16, 27, 24, 24, 22, 24, 29, 18, 37, 14, 33, 16, 24, 14, 16, 16, 15, 39, 24, 25, 21, 25, 25, 16, 30, 21, 17, 15, 16, 16, 16, 23, 32, 28, 22, 24, 35, 21, 14, 78, 27, 43, 13, 21, 16, 22, 37, 17, 35, 16, 25, 63, 17, 16, 35, 18, 16, 16, 14, 16, 16, 26, 14, 14, 17, 20, 60, 37, 21, 48, 36, 32, 45, 28, 31, 19]
[40, 26, 14, 18, 21, 34, 16, 21, 16, 23, 15, 14, 14, 41, 14, 15, 17, 16, 17, 13, 23, 12, 15, 19, 20, 14, 27, 15, 15, 15, 46, 15, 15, 18, 18, 23, 17, 15, 15, 13, 18, 14, 15, 18, 14, 41, 24, 48, 24, 40, 19, 35, 17, 15, 0, 15, 27, 19, 25, 26, 24, 29, 18, 38, 15, 34, 15, 24, 15, 15, 16, 15, 39, 26, 26, 22, 25, 26, 15, 31, 20, 17, 15, 15, 17, 15, 23, 32, 27, 26, 25, 34, 23, 15, 80, 29, 48, 15, 22, 15, 25, 34, 15, 36, 14, 24, 64, 17, 13, 34, 16, 15, 15, 15, 15, 16, 26, 13, 16, 19, 20, 54, 42, 23, 50, 36, 33, 48, 28, 33, 19]
[44, 24, 10, 17, 22, 33, 14, 21, 14, 21, 13, 12, 11, 39, 13, 14, 17, 17, 18, 10, 23, 12, 12, 22, 22, 12, 30, 13, 12, 11, 46, 12, 12, 16, 18, 22, 18, 12, 10, 14, 18, 15, 12, 18, 17, 40, 25, 49, 23, 41, 19, 37, 18, 16, 15, 0, 24, 16, 26, 24, 22, 27, 16, 37, 12, 33, 13, 22, 12, 13, 14, 12, 37, 24, 24, 21, 23, 26, 14, 29, 18, 15, 12, 12, 16, 13, 21, 32, 25, 28, 23, 33, 23, 12, 78, 27, 46, 14, 17, 14, 20, 29, 17, 33, 12, 22, 64, 15, 14, 32, 17, 13, 12, 12, 14, 16, 19, 12, 14, 17, 17, 58, 40, 21, 50, 32, 31, 45, 27, 32, 17]
[38, 28, 24, 28, 27, 31, 26, 29, 28, 28, 28, 26, 28, 37, 29, 30, 29, 29, 25, 24, 27, 26, 26, 26, 24, 26, 31, 24, 26, 27, 46, 28, 28, 28, 27, 28, 28, 24, 26, 30, 29, 28, 28, 28, 28, 39, 26, 46, 28, 38, 29, 35, 26, 27, 27, 24, 0, 22, 28, 29, 28, 28, 27, 33, 27, 31, 28, 28, 27, 27, 27, 27, 37, 28, 28, 27, 28, 30, 30, 29, 27, 27, 27, 27, 26, 27, 27, 35, 30, 30, 28, 32, 27, 26, 78, 27, 45, 29, 27, 29, 27, 33, 28, 33, 26, 28, 64, 28, 26, 31, 26, 28, 27, 28, 30, 30, 24, 28, 26, 28, 27, 57, 40, 23, 48, 31, 33, 44, 29, 30, 26]
[42, 23, 18, 24, 23, 32, 22, 24, 22, 24, 21, 22, 20, 38, 23, 24, 22, 23, 24, 18, 23, 21, 22, 24, 21, 20, 29, 20, 22, 21, 44, 22, 22, 22, 24, 22, 22, 20, 20, 24, 24, 23, 22, 24, 23, 40, 25, 47, 26, 38, 24, 35, 24, 24, 19, 16, 22, 0, 24, 25, 22, 27, 21, 36, 22, 33, 22, 22, 21, 21, 20, 22, 36, 26, 23, 24, 23, 25, 24, 28, 21, 22, 21, 22, 22, 21, 22, 33, 28, 26, 22, 33, 24, 22, 77, 27, 45, 24, 24, 23, 27, 30, 22, 33, 22, 23, 63, 22, 22, 33, 22, 21, 21, 22, 24, 24, 21, 22, 22, 22, 22, 54, 40, 22, 47, 30, 30, 46, 28, 32, 22]
[40, 24, 24, 26, 24, 32, 26, 26, 26, 25, 26, 26, 26, 39, 26, 27, 24, 26, 25, 24, 26, 25, 25, 26, 25, 23, 31, 25, 24, 25, 44, 25, 25, 25, 26, 25, 25, 25, 25, 27, 26, 24, 25, 26, 24, 41, 26, 47, 25, 38, 26, 37, 25, 24, 25, 26, 28, 24, 0, 23, 26, 29, 25, 36, 25, 31, 26, 26, 25, 26, 26, 26, 37, 26, 26, 26, 26, 27, 27, 30, 26, 26, 26, 26, 25, 25, 25, 34, 30, 27, 26, 33, 24, 25, 77, 28, 46, 26, 27, 27, 27, 36, 27, 34, 26, 26, 65, 26, 27, 34, 27, 26, 26, 26, 25, 27, 26, 25, 24, 26, 26, 57, 40, 26, 49, 34, 33, 46, 29, 30, 26]
[38, 25, 20, 25, 24, 31, 25, 25, 25, 23, 25, 25, 25, 38, 25, 26, 24, 23, 22, 21, 24, 22, 25, 25, 26, 22, 31, 23, 21, 25, 46, 24, 24, 25, 23, 26, 25, 23, 22, 25, 22, 22, 24, 24, 22, 38, 27, 44, 23, 35, 24, 34, 22, 22, 26, 24, 29, 25, 23, 0, 27, 27, 23, 35, 21, 32, 25, 26, 19, 24, 25, 22, 37, 25, 27, 18, 27, 27, 24, 29, 25, 24, 20, 20, 15, 25, 27, 32, 28, 27, 25, 32, 23, 25, 80, 29, 43, 23, 26, 25, 25, 37, 27, 34, 25, 27, 62, 25, 27, 35, 27, 25, 25, 24, 25, 27, 27, 25, 23, 25, 23, 57, 38, 26, 45, 34, 32, 45, 28, 31, 25]
[44, 24, 22, 24, 23, 33, 21, 24, 21, 22, 21, 21, 22, 40, 23, 24, 24, 24, 24, 22, 23, 24, 22, 24, 22, 22, 31, 22, 24, 22, 47, 22, 22, 22, 24, 22, 22, 22, 22, 24, 24, 24, 22, 24, 24, 41, 25, 49, 26, 41, 24, 38, 24, 24, 24, 22, 28, 22, 26, 27, 0, 25, 14, 33, 16, 26, 14, 18, 18, 16, 18, 18, 31, 19, 20, 24, 19, 22, 16, 24, 18, 18, 18, 19, 21, 21, 22, 33, 26, 24, 23, 35, 24, 21, 75, 26, 46, 22, 24, 24, 26, 35, 24, 35, 22, 23, 63, 22, 23, 33, 24, 22, 22, 22, 24, 24, 24, 20, 18, 22, 17, 58, 39, 22, 51, 35, 30, 43, 28, 32, 22]
[42, 28, 27, 29, 30, 34, 28, 28, 28, 29, 28, 28, 27, 35, 28, 29, 29, 29, 28, 28, 24, 29, 28, 30, 28, 27, 31, 27, 29, 27, 47, 27, 26, 28, 28, 28, 28, 27, 27, 28, 28, 29, 27, 28, 29, 40, 28, 46, 30, 42, 28, 37, 30, 29, 29, 27, 28, 27, 29, 27, 25, 0, 24, 31, 24, 26, 24, 28, 22, 21, 24, 23, 34, 24, 28, 23, 27, 30, 26, 29, 22, 24, 21, 19, 21, 26, 27, 35, 30, 30, 26, 35, 25, 28, 75, 26, 44, 30, 30, 26, 30, 34, 30, 35, 28, 28, 62, 27, 29, 31, 29, 27, 27, 27, 29, 29, 28, 28, 23, 27, 19, 59, 40, 28, 50, 33, 30, 45, 29, 32, 25]
[44, 24, 16, 16, 22, 34, 16, 21, 16, 22, 16, 16, 16, 38, 17, 17, 18, 18, 18, 16, 22, 18, 16, 22, 22, 16, 31, 16, 18, 16, 46, 16, 16, 16, 18, 22, 18, 16, 16, 18, 18, 18, 16, 18, 18, 41, 25, 49, 23, 41, 19, 38, 18, 18, 18, 16, 27, 21, 25, 23, 14, 24, 0, 31, 12, 22, 11, 15, 12, 11, 13, 11, 29, 15, 14, 19, 16, 22, 14, 23, 15, 13, 12, 15, 16, 16, 19, 33, 26, 22, 23, 35, 23, 15, 75, 26, 46, 18, 24, 17, 26, 35, 18, 34, 16, 23, 63, 16, 18, 33, 18, 16, 16, 16, 18, 18, 24, 16, 12, 18, 15, 58, 40, 21, 50, 36, 30, 44, 28, 32, 17]
[42, 37, 35, 34, 36, 36, 36, 39, 36, 37, 36, 36, 37, 30, 37, 37, 38, 38, 36, 35, 32, 37, 37, 37, 35, 35, 39, 37, 37, 37, 46, 37, 37, 36, 37, 35, 37, 37, 37, 37, 37, 37, 37, 37, 37, 42, 35, 46, 36, 38, 35, 37, 37, 37, 38, 37, 33, 36, 36, 35, 33, 31, 31, 0, 33, 32, 27, 32, 33, 34, 33, 34, 37, 34, 34, 28, 34, 36, 32, 36, 34, 33, 34, 34, 25, 36, 36, 38, 37, 38, 37, 36, 38, 36, 74, 36, 46, 36, 36, 38, 37, 39, 39, 37, 37, 37, 64, 36, 38, 37, 39, 37, 37, 37, 39, 39, 35, 37, 34, 37, 34, 58, 42, 36, 52, 37, 39, 46, 36, 35, 36]
[43, 24, 8, 17, 22, 33, 13, 21, 13, 22, 12, 11, 10, 40, 9, 10, 18, 17, 16, 10, 23, 13, 8, 20, 22, 9, 31, 13, 14, 10, 48, 8, 10, 16, 18, 22, 18, 12, 9, 10, 18, 14, 10, 18, 16, 41, 25, 48, 24, 41, 19, 38, 16, 14, 15, 12, 27, 22, 25, 21, 16, 24, 12, 33, 0, 27, 10, 18, 3, 8, 9, 4, 33, 20, 20, 16, 18, 21, 8, 23, 14, 10, 6, 7, 10, 10, 18, 33, 27, 25, 21, 33, 23, 10, 77, 24, 44, 12, 22, 10, 26, 35, 17, 34, 13, 23, 64, 15, 13, 33, 18, 14, 12, 9, 12, 16, 24, 8, 9, 16, 12, 60, 40, 20, 48, 36, 31, 45, 27, 31, 15]
[42, 33, 31, 33, 31, 34, 33, 35, 33, 33, 33, 33, 33, 35, 34, 34, 35, 35, 33, 31, 28, 33, 33, 33, 31, 31, 35, 33, 33, 33, 45, 33, 33, 33, 35, 33, 33, 33, 33, 35, 35, 33, 33, 35, 33, 41, 31, 46, 33, 41, 35, 38, 33, 33, 34, 33, 31, 33, 31, 32, 26, 26, 22, 32, 27, 0, 29, 31, 29, 28, 29, 28, 35, 28, 31, 26, 30, 33, 31, 33, 29, 29, 28, 28, 24, 31, 32, 35, 35, 33, 32, 33, 35, 33, 77, 33, 46, 35, 33, 34, 33, 37, 35, 34, 33, 33, 64, 33, 34, 33, 35, 33, 33, 33, 35, 35, 33, 33, 29, 31, 25, 57, 40, 33, 50, 34, 35, 46, 33, 33, 32]
[44, 24, 13, 17, 22, 34, 14, 20, 14, 21, 13, 13, 13, 37, 14, 15, 18, 17, 17, 13, 23, 15, 13, 22, 22, 13, 31, 13, 15, 13, 47, 13, 13, 16, 18, 20, 18, 13, 13, 15, 18, 15, 13, 18, 17, 36, 25, 47, 24, 39, 17, 36, 18, 16, 15, 13, 28, 22, 26, 25, 14, 24, 11, 27, 10, 29, 0, 18, 10, 9, 11, 9, 33, 20, 20, 16, 19, 22, 7, 26, 15, 12, 9, 13, 14, 13, 21, 33, 26, 23, 23, 32, 23, 13, 74, 26, 45, 13, 24, 15, 26, 35, 17, 35, 13, 23, 64, 15, 15, 33, 18, 14, 13, 13, 15, 16, 24, 13, 10, 18, 14, 60, 39, 20, 50, 35, 30, 43, 28, 32, 17]
[44, 24, 22, 23, 24, 34, 21, 24, 22, 22, 20, 22, 22, 39, 23, 23, 24, 22, 24, 22, 23, 24, 22, 24, 22, 22, 31, 22, 24, 22, 46, 22, 22, 22, 24, 22, 22, 22, 22, 24, 24, 23, 22, 23, 23, 40, 24, 48, 26, 40, 23, 38, 24, 24, 24, 22, 28, 22, 26, 26, 18, 28, 15, 32, 18, 31, 18, 0, 18, 15, 18, 17, 29, 23, 16, 24, 16, 15, 19, 24, 17, 19, 18, 21, 22, 22, 21, 33, 26, 21, 23, 35, 24, 22, 79, 27, 46, 24, 24, 21, 28, 35, 24, 34, 22, 23, 59, 22, 24, 31, 24, 22, 22, 22, 23, 24, 24, 22, 18, 22, 20, 59, 40, 22, 50, 36, 30, 43, 28, 29, 21]
[42, 22, 8, 16, 22, 33, 13, 21, 13, 22, 12, 11, 10, 40, 8, 9, 18, 17, 16, 10, 23, 12, 8, 19, 21, 9, 29, 12, 14, 10, 47, 8, 10, 16, 17, 22, 18, 11, 9, 9, 18, 13, 10, 18, 15, 40, 25, 49, 24, 41, 19, 37, 16, 14, 15, 12, 27, 21, 25, 19, 18, 22, 12, 33, 3, 29, 10, 18, 0, 7, 8, 5, 33, 18, 20, 17, 17, 20, 8, 22, 13, 9, 3, 8, 11, 11, 18, 33, 27, 24, 20, 34, 21, 10, 78, 25, 43, 12, 22, 8, 25, 34, 17, 33, 13, 23, 62, 15, 13, 33, 18, 14, 12, 9, 12, 16, 24, 8, 10, 18, 14, 59, 40, 20, 47, 36, 30, 45, 28, 31, 14]
[42, 24, 13, 17, 22, 34, 14, 21, 14, 22, 13, 13, 13, 40, 14, 15, 18, 17, 18, 13, 23, 15, 13, 22, 22, 13, 29, 13, 15, 13, 47, 13, 13, 16, 18, 22, 18, 13, 13, 15, 18, 15, 13, 18, 17, 40, 25, 48, 24, 41, 19, 36, 18, 16, 15, 13, 27, 21, 26, 24, 16, 21, 11, 34, 8, 28, 9, 15, 7, 0, 8, 8, 31, 17, 19, 19, 12, 15, 11, 21, 11, 11, 7, 11, 16, 13, 18, 33, 26, 23, 22, 34, 21, 12, 79, 26, 46, 15, 23, 13, 24, 34, 17, 35, 13, 23, 62, 15, 15, 33, 18, 14, 13, 13, 15, 16, 24, 11, 10, 18, 14, 59, 40, 21, 47, 36, 29, 43, 27, 31, 16]
[40, 24, 14, 17, 22, 33, 14, 21, 14, 22, 14, 14, 14, 40, 15, 16, 18, 17, 18, 14, 23, 16, 14, 22, 22, 14, 30, 14, 16, 14, 48, 14, 14, 15, 18, 22, 18, 14, 14, 16, 18, 16, 14, 18, 17, 41, 25, 47, 24, 41, 19, 37, 18, 16, 16, 14, 27, 20, 26, 25, 18, 24, 13, 33, 9, 29, 11, 18, 8, 8, 0, 10, 31, 20, 19, 21, 17, 21, 13, 23, 16, 10, 10, 12, 16, 14, 20, 33, 27, 23, 22, 34, 22, 14, 78, 25, 46, 16, 24, 15, 25, 34, 17, 34, 14, 23, 62, 15, 16, 33, 18, 14, 14, 14, 16, 16, 24, 14, 11, 18, 14, 58, 40, 20, 48, 36, 29, 45, 28, 31, 17]
[43, 24, 9, 17, 22, 34, 14, 21, 14, 22, 13, 12, 10, 40, 10, 11, 18, 17, 16, 10, 23, 13, 9, 20, 22, 9, 28, 13, 14, 10, 48, 9, 10, 16, 18, 22, 18, 12, 9, 11, 18, 15, 10, 18, 17, 41, 25, 48, 24, 40, 19, 38, 16, 15, 15, 12, 27, 22, 26, 22, 18, 23, 11, 34, 4, 28, 9, 17, 5, 8, 10, 0, 32, 19, 19, 15, 17, 21, 7, 24, 14, 11, 5, 7, 11, 10, 19, 33, 26, 24, 21, 33, 23, 10, 79, 25, 44, 12, 22, 10, 26, 35, 17, 35, 13, 23, 64, 15, 13, 33, 18, 14, 12, 9, 12, 16, 24, 9, 8, 18, 13, 60, 40, 21, 48, 36, 30, 44, 27, 31, 15]
[44, 37, 37, 39, 36, 37, 34, 38, 36, 37, 36, 35, 37, 40, 37, 37, 38, 39, 37, 37, 37, 39, 35, 37, 37, 37, 39, 35, 39, 37, 48, 37, 37, 37, 37, 37, 37, 35, 37, 39, 39, 39, 37, 37, 39, 40, 36, 49, 38, 43, 38, 39, 38, 39, 39, 37, 37, 36, 37, 37, 31, 34, 29, 37, 33, 35, 33, 29, 33, 31, 31, 32, 0, 35, 28, 36, 31, 32, 35, 33, 31, 31, 30, 34, 34, 35, 35, 39, 34, 32, 36, 37, 37, 37, 76, 36, 46, 39, 39, 38, 39, 39, 39, 37, 35, 36, 62, 36, 36, 35, 39, 35, 37, 37, 38, 38, 35, 36, 32, 37, 33, 60, 42, 34, 51, 37, 35, 44, 39, 37, 36]
[42, 26, 23, 23, 24, 34, 24, 26, 24, 22, 24, 24, 24, 38, 23, 25, 26, 26, 24, 24, 26, 23, 24, 26, 26, 23, 29, 24, 25, 24, 46, 24, 24, 24, 26, 26, 24, 24, 24, 25, 26, 24, 24, 26, 26, 40, 27, 49, 24, 41, 26, 37, 24, 24, 26, 24, 28, 26, 26, 25, 19, 24, 15, 34, 20, 28, 20, 23, 18, 17, 20, 19, 35, 0, 20, 23, 20, 24, 20, 27, 19, 21, 18, 21, 21, 24, 22, 33, 24, 24, 26, 35, 25, 23, 77, 28, 47, 26, 26, 24, 26, 36, 25, 34, 24, 25, 60, 24, 24, 34, 25, 24, 24, 24, 26, 24, 26, 24, 20, 24, 20, 58, 40, 26, 48, 36, 27, 41, 30, 32, 24]
[43, 24, 24, 26, 26, 34, 24, 26, 24, 24, 23, 24, 24, 40, 24, 24, 26, 26, 25, 24, 24, 26, 23, 26, 23, 23, 31, 23, 25, 23, 46, 23, 23, 24, 25, 23, 23, 23, 23, 26, 25, 25, 23, 25, 25, 41, 24, 47, 26, 41, 25, 38, 25, 25, 26, 24, 28, 23, 26, 27, 20, 28, 14, 34, 20, 31, 20, 16, 20, 19, 19, 19, 28, 20, 0, 26, 18, 20, 22, 24, 19, 19, 20, 21, 24, 24, 21, 33, 26, 22, 24, 35, 26, 23, 75, 27, 46, 26, 26, 25, 28, 34, 26, 34, 24, 24, 63, 24, 26, 33, 26, 24, 24, 24, 26, 26, 24, 24, 20, 24, 22, 58, 40, 24, 52, 36, 30, 43, 28, 31, 24]
[40, 26, 18, 18, 24, 32, 21, 23, 21, 24, 21, 21, 21, 33, 22, 23, 23, 23, 21, 19, 22, 21, 21, 21, 23, 19, 31, 21, 20, 21, 46, 21, 21, 21, 23, 23, 21, 21, 21, 23, 23, 21, 21, 23, 21, 34, 24, 44, 22, 37, 23, 37, 21, 21, 22, 21, 27, 24, 26, 18, 24, 23, 19, 28, 16, 26, 16, 24, 17, 19, 21, 15, 36, 23, 26, 0, 25, 26, 19, 31, 22, 21, 16, 15, 8, 18, 21, 33, 28, 28, 23, 26, 23, 21, 77, 28, 44, 23, 22, 22, 25, 35, 23, 33, 21, 24, 62, 21, 22, 34, 23, 21, 21, 21, 23, 23, 25, 21, 17, 21, 20, 58, 38, 23, 48, 35, 32, 45, 27, 30, 19]
[41, 24, 23, 25, 25, 32, 23, 25, 23, 23, 23, 23, 23, 40, 23, 24, 25, 25, 25, 23, 23, 24, 23, 25, 23, 23, 29, 23, 24, 23, 47, 23, 23, 23, 25, 23, 23, 23, 23, 25, 25, 25, 23, 25, 25, 41, 24, 48, 26, 41, 25, 37, 24, 25, 25, 23, 28, 23, 26, 27, 19, 27, 16, 34, 18, 30, 19, 16, 17, 12, 17, 17, 31, 20, 18, 25, 0, 18, 21, 19, 15, 18, 16, 21, 23, 23, 20, 33, 26, 24, 23, 35, 24, 22, 73, 27, 46, 25, 25, 22, 28, 33, 25, 33, 23, 23, 62, 23, 25, 33, 25, 23, 23, 23, 25, 25, 24, 23, 18, 23, 21, 57, 40, 23, 51, 36, 30, 44, 28, 31, 22]
[44, 25, 25, 25, 26, 36, 26, 26, 25, 24, 25, 26, 26, 41, 26, 26, 26, 26, 26, 26, 26, 24, 26, 23, 25, 25, 30, 25, 25, 26, 49, 25, 25, 26, 25, 26, 25, 25, 25, 25, 25, 25, 25, 26, 25, 42, 27, 50, 26, 43, 26, 36, 26, 25, 26, 26, 30, 25, 27, 27, 22, 30, 22, 36, 21, 33, 22, 15, 20, 15, 21, 21, 32, 24, 20, 26, 18, 0, 22, 25, 18, 21, 20, 24, 26, 26, 24, 34, 26, 22, 26, 37, 26, 25, 80, 29, 47, 26, 24, 24, 27, 36, 26, 36, 26, 26, 58, 26, 26, 35, 26, 26, 26, 25, 25, 26, 26, 25, 22, 26, 26, 59, 42, 26, 47, 38, 30, 44, 30, 32, 23]
[46, 26, 11, 19, 24, 36, 15, 21, 16, 22, 14, 14, 12, 42, 11, 11, 18, 17, 17, 12, 25, 13, 11, 22, 24, 11, 31, 15, 14, 12, 48, 11, 12, 18, 18, 24, 20, 14, 11, 11, 18, 15, 12, 18, 16, 42, 26, 48, 26, 40, 17, 36, 18, 16, 15, 14, 30, 24, 27, 24, 16, 26, 14, 32, 8, 31, 7, 19, 8, 11, 13, 7, 35, 20, 22, 19, 21, 22, 0, 28, 17, 14, 7, 11, 15, 14, 23, 34, 23, 21, 25, 37, 20, 12, 81, 28, 48, 12, 24, 11, 28, 37, 17, 37, 15, 25, 63, 17, 13, 35, 18, 16, 14, 11, 11, 14, 26, 11, 12, 20, 16, 62, 41, 23, 52, 37, 28, 42, 30, 33, 19]
[42, 27, 28, 30, 30, 32, 29, 31, 29, 29, 28, 29, 29, 39, 30, 31, 30, 31, 31, 29, 29, 30, 29, 30, 28, 28, 29, 28, 30, 29, 47, 28, 28, 27, 30, 29, 28, 28, 28, 30, 30, 30, 28, 31, 30, 38, 29, 47, 31, 41, 31, 37, 31, 30, 31, 29, 29, 28, 30, 29, 24, 29, 23, 36, 23, 33, 26, 24, 22, 21, 23, 24, 33, 27, 24, 31, 19, 25, 28, 0, 22, 21, 24, 25, 28, 27, 27, 34, 28, 25, 27, 35, 27, 28, 74, 28, 44, 29, 31, 29, 30, 35, 31, 32, 29, 29, 61, 28, 30, 31, 31, 29, 29, 28, 30, 30, 29, 29, 24, 29, 24, 59, 40, 29, 50, 36, 31, 45, 31, 32, 27]
[42, 24, 19, 21, 24, 34, 19, 21, 19, 22, 19, 19, 18, 40, 20, 21, 20, 19, 21, 19, 23, 20, 19, 22, 22, 19, 28, 19, 20, 18, 47, 19, 19, 19, 21, 22, 19, 19, 19, 21, 21, 21, 19, 21, 21, 40, 25, 48, 25, 41, 21, 36, 21, 21, 20, 18, 27, 21, 26, 25, 18, 22, 15, 34, 14, 29, 15, 17, 13, 11, 16, 14, 31, 19, 19, 22, 15, 18, 17, 22, 0, 16, 13, 17, 19, 19, 18, 33, 26, 23, 23, 35, 23, 18, 76, 26, 46, 21, 24, 19, 27, 34, 21, 35, 19, 23, 62, 18, 21, 33, 21, 18, 18, 19, 21, 21, 24, 19, 15, 18, 18, 59, 40, 21, 48, 35, 29, 44, 28, 32, 19]
[39, 22, 13, 17, 23, 33, 15, 21, 15, 22, 15, 15, 15, 40, 16, 17, 18, 17, 18, 15, 23, 15, 15, 20, 21, 14, 29, 13, 16, 15, 47, 14, 13, 16, 17, 22, 18, 13, 13, 15, 18, 17, 14, 18, 17, 39, 25, 47, 24, 41, 19, 37, 18, 17, 17, 15, 27, 22, 26, 24, 18, 24, 13, 33, 10, 29, 12, 19, 9, 11, 10, 11, 31, 21, 19, 21, 18, 21, 14, 21, 16, 0, 10, 13, 16, 15, 20, 33, 27, 24, 21, 34, 21, 15, 78, 25, 44, 17, 24, 15, 26, 35, 17, 34, 15, 23, 62, 15, 17, 33, 18, 15, 15, 13, 17, 17, 24, 15, 12, 18, 15, 56, 40, 19, 49, 36, 29, 43, 28, 31, 15]
[42, 22, 9, 16, 22, 34, 14, 21, 14, 22, 13, 12, 10, 40, 10, 11, 18, 17, 16, 10, 23, 13, 9, 19, 21, 9, 29, 12, 14, 10, 47, 9, 10, 16, 17, 22, 18, 11, 9, 11, 18, 15, 10, 18, 17, 40, 25, 49, 24, 41, 19, 37, 16, 15, 15, 12, 27, 21, 26, 20, 18, 21, 12, 34, 6, 28, 9, 18, 3, 7, 10, 5, 30, 18, 20, 16, 16, 20, 7, 24, 13, 10, 0, 9, 13, 11, 18, 33, 26, 23, 22, 34, 21, 10, 79, 26, 44, 12, 22, 8, 25, 34, 17, 35, 13, 23, 62, 15, 13, 33, 18, 14, 12, 9, 12, 16, 24, 9, 9, 18, 13, 59, 40, 21, 47, 36, 29, 44, 28, 31, 14]
[43, 24, 12, 17, 22, 33, 14, 21, 14, 22, 13, 12, 12, 37, 12, 13, 18, 17, 18, 12, 21, 14, 12, 22, 22, 12, 31, 13, 14, 12, 48, 12, 12, 16, 16, 22, 18, 12, 12, 12, 16, 15, 12, 16, 17, 41, 25, 46, 24, 40, 17, 38, 18, 16, 15, 12, 27, 22, 26, 20, 19, 19, 15, 34, 7, 28, 13, 21, 8, 11, 12, 7, 34, 21, 21, 15, 21, 24, 11, 25, 17, 13, 9, 0, 10, 11, 19, 33, 28, 28, 21, 33, 23, 12, 79, 25, 44, 14, 23, 12, 26, 35, 17, 35, 13, 23, 64, 15, 14, 33, 18, 14, 12, 12, 14, 16, 24, 12, 12, 18, 9, 60, 40, 21, 48, 36, 30, 46, 27, 31, 15]
[42, 24, 14, 19, 22, 31, 16, 21, 16, 22, 16, 16, 16, 30, 16, 17, 18, 18, 17, 15, 18, 16, 16, 20, 20, 14, 31, 16, 18, 16, 46, 16, 16, 16, 18, 20, 18, 16, 16, 17, 18, 16, 16, 18, 17, 38, 23, 44, 24, 35, 18, 38, 17, 16, 17, 16, 26, 22, 25, 15, 21, 21, 16, 25, 10, 24, 14, 22, 11, 16, 16, 11, 34, 21, 24, 8, 23, 26, 15, 28, 19, 16, 13, 10, 0, 14, 19, 33, 28, 28, 21, 28, 23, 16, 76, 25, 44, 18, 22, 16, 26, 35, 18, 33, 16, 23, 64, 16, 18, 33, 18, 16, 16, 16, 18, 18, 24, 16, 12, 18, 16, 58, 40, 20, 48, 34, 32, 44, 26, 29, 15]
[43, 24, 13, 17, 22, 34, 14, 21, 13, 22, 13, 13, 13, 39, 14, 15, 18, 17, 18, 13, 23, 15, 13, 22, 22, 13, 31, 13, 15, 13, 46, 13, 13, 16, 18, 22, 18, 13, 13, 15, 18, 15, 13, 18, 17, 41, 25, 47, 23, 41, 19, 38, 18, 16, 15, 13, 27, 21, 25, 25, 21, 26, 16, 36, 10, 31, 13, 22, 11, 13, 14, 10, 35, 24, 24, 18, 23, 26, 14, 27, 19, 15, 11, 11, 14, 0, 19, 32, 28, 28, 21, 33, 22, 13, 79, 26, 44, 15, 23, 14, 26, 35, 17, 35, 13, 23, 65, 15, 14, 33, 18, 14, 13, 13, 15, 16, 24, 13, 12, 18, 17, 59, 40, 21, 48, 36, 32, 46, 27, 32, 15]
[43, 24, 21, 23, 24, 30, 19, 23, 19, 24, 19, 19, 20, 40, 22, 23, 23, 23, 23, 21, 23, 22, 21, 23, 22, 20, 29, 21, 22, 21, 47, 21, 21, 21, 22, 22, 21, 21, 21, 23, 23, 23, 21, 23, 23, 41, 25, 48, 26, 41, 23, 37, 23, 23, 23, 21, 27, 22, 25, 27, 22, 27, 19, 36, 18, 32, 21, 21, 18, 18, 20, 19, 35, 22, 21, 21, 20, 24, 23, 27, 18, 20, 18, 19, 19, 19, 0, 33, 28, 27, 21, 32, 23, 20, 74, 24, 41, 21, 23, 20, 28, 34, 23, 33, 21, 23, 62, 21, 23, 33, 23, 21, 21, 21, 23, 23, 24, 21, 19, 20, 21, 59, 38, 18, 49, 34, 31, 44, 28, 32, 19]
[44, 33, 33, 31, 33, 34, 32, 32, 32, 30, 32, 31, 31, 40, 33, 34, 32, 34, 31, 32, 33, 32, 32, 33, 31, 32, 33, 33, 32, 31, 45, 33, 31, 32, 32, 33, 31, 33, 33, 33, 32, 32, 31, 31, 31, 40, 32, 47, 28, 41, 30, 36, 32, 32, 32, 32, 35, 33, 34, 32, 33, 35, 33, 38, 33, 35, 33, 33, 33, 33, 33, 33, 39, 33, 33, 33, 33, 34, 34, 34, 33, 33, 33, 33, 33, 32, 33, 0, 27, 32, 33, 37, 34, 33, 81, 34, 48, 34, 35, 34, 32, 37, 34, 37, 31, 33, 62, 31, 34, 34, 32, 30, 30, 31, 34, 34, 32, 31, 32, 30, 33, 58, 42, 33, 51, 36, 33, 48, 34, 34, 33]
[43, 30, 26, 26, 30, 30, 26, 29, 27, 24, 27, 25, 24, 38, 29, 29, 28, 30, 24, 25, 27, 26, 24, 28, 26, 28, 30, 26, 26, 25, 43, 28, 26, 26, 26, 28, 26, 26, 26, 28, 27, 28, 26, 26, 28, 37, 28, 45, 26, 37, 26, 35, 26, 28, 27, 25, 30, 28, 30, 28, 26, 30, 26, 37, 27, 35, 26, 26, 27, 26, 27, 26, 34, 24, 26, 28, 26, 26, 23, 28, 26, 27, 26, 28, 28, 28, 28, 27, 0, 22, 28, 35, 28, 27, 79, 30, 48, 30, 30, 30, 30, 37, 28, 36, 24, 28, 63, 24, 26, 29, 24, 25, 26, 28, 29, 28, 29, 26, 24, 26, 27, 56, 38, 28, 50, 34, 26, 40, 30, 31, 27]
[44, 28, 28, 27, 26, 36, 26, 26, 27, 26, 26, 28, 28, 42, 28, 28, 22, 23, 22, 28, 26, 26, 26, 22, 26, 28, 30, 26, 26, 26, 44, 28, 26, 26, 22, 28, 26, 26, 28, 26, 22, 22, 26, 23, 22, 37, 24, 46, 26, 38, 23, 33, 22, 22, 26, 28, 30, 26, 27, 27, 24, 30, 22, 38, 25, 33, 23, 21, 24, 23, 23, 24, 32, 24, 22, 28, 24, 22, 21, 25, 23, 24, 23, 28, 28, 28, 27, 32, 22, 0, 28, 37, 27, 26, 75, 29, 45, 25, 27, 27, 28, 36, 28, 36, 28, 28, 61, 26, 28, 35, 26, 28, 26, 28, 27, 26, 28, 26, 22, 26, 27, 60, 42, 26, 51, 37, 26, 41, 30, 34, 28]
[42, 23, 22, 25, 25, 33, 21, 25, 23, 25, 23, 21, 23, 40, 24, 25, 25, 24, 23, 23, 23, 24, 21, 23, 23, 22, 30, 21, 24, 23, 47, 22, 22, 21, 24, 23, 22, 21, 22, 24, 24, 24, 22, 24, 24, 39, 25, 48, 26, 41, 25, 35, 25, 24, 25, 23, 28, 22, 26, 25, 23, 26, 23, 37, 21, 32, 23, 23, 20, 22, 22, 21, 36, 26, 24, 23, 23, 26, 25, 27, 23, 21, 22, 21, 21, 21, 21, 33, 28, 28, 0, 23, 25, 23, 78, 26, 38, 25, 25, 24, 28, 35, 25, 34, 21, 23, 60, 23, 23, 31, 23, 23, 23, 22, 24, 25, 24, 21, 19, 23, 23, 59, 38, 23, 48, 34, 32, 45, 26, 21, 12]
[42, 34, 33, 35, 33, 34, 33, 37, 35, 35, 34, 33, 33, 36, 36, 37, 37, 37, 33, 33, 33, 35, 33, 33, 31, 33, 37, 33, 35, 35, 46, 35, 35, 34, 35, 35, 35, 33, 35, 37, 37, 35, 35, 35, 35, 36, 32, 45, 34, 41, 36, 38, 34, 35, 34, 33, 32, 33, 33, 32, 35, 35, 35, 36, 33, 33, 32, 35, 34, 34, 34, 33, 37, 35, 35, 26, 35, 37, 37, 35, 35, 34, 34, 33, 28, 33, 32, 37, 35, 37, 23, 0, 37, 35, 76, 35, 44, 35, 33, 36, 32, 37, 35, 32, 33, 35, 64, 35, 33, 35, 33, 35, 35, 35, 36, 37, 35, 31, 29, 35, 35, 58, 37, 31, 47, 32, 35, 44, 30, 21, 22]
[42, 26, 22, 22, 22, 35, 23, 21, 21, 22, 23, 23, 23, 40, 23, 22, 21, 19, 21, 23, 25, 22, 23, 22, 24, 22, 30, 22, 22, 23, 45, 22, 22, 21, 20, 24, 23, 22, 22, 22, 20, 21, 22, 21, 21, 39, 25, 46, 24, 37, 21, 34, 21, 21, 23, 23, 27, 24, 24, 23, 24, 25, 23, 38, 23, 35, 23, 24, 21, 21, 22, 23, 37, 25, 26, 23, 24, 26, 20, 27, 23, 21, 21, 23, 23, 22, 23, 34, 28, 27, 25, 37, 0, 19, 77, 28, 45, 19, 24, 21, 24, 35, 23, 36, 23, 25, 62, 23, 23, 34, 23, 21, 23, 22, 20, 22, 26, 23, 21, 23, 23, 61, 38, 23, 46, 36, 33, 48, 28, 34, 21]
[42, 24, 10, 17, 22, 34, 13, 19, 13, 22, 12, 12, 10, 40, 11, 12, 16, 13, 16, 10, 23, 13, 10, 20, 22, 10, 31, 13, 14, 10, 46, 10, 10, 16, 16, 22, 18, 12, 10, 12, 16, 14, 10, 17, 16, 40, 24, 46, 24, 38, 18, 35, 16, 14, 15, 12, 26, 22, 25, 25, 21, 28, 15, 36, 10, 33, 13, 22, 10, 12, 14, 10, 37, 23, 23, 21, 22, 25, 12, 28, 18, 15, 10, 12, 16, 13, 20, 33, 27, 26, 23, 35, 19, 0, 72, 24, 44, 10, 21, 12, 26, 34, 17, 35, 13, 23, 63, 13, 14, 33, 18, 14, 10, 10, 12, 14, 24, 10, 14, 18, 18, 60, 39, 19, 46, 34, 32, 46, 26, 31, 17]
[79, 79, 79, 77, 77, 76, 76, 78, 76, 78, 76, 76, 78, 77, 80, 81, 77, 76, 78, 79, 77, 80, 79, 79, 78, 78, 79, 78, 81, 78, 76, 78, 79, 78, 79, 77, 78, 79, 78, 80, 76, 79, 78, 80, 79, 75, 78, 79, 80, 79, 79, 75, 79, 78, 80, 78, 78, 77, 77, 80, 75, 75, 75, 74, 77, 77, 74, 79, 78, 79, 78, 79, 76, 77, 75, 77, 73, 80, 81, 74, 76, 78, 79, 79, 76, 79, 74, 81, 79, 75, 78, 76, 77, 72, 0, 72, 76, 80, 79, 81, 78, 77, 81, 75, 79, 79, 78, 75, 81, 78, 78, 77, 75, 79, 80, 77, 75, 79, 77, 77, 78, 79, 77, 74, 77, 72, 79, 79, 79, 77, 77]
[44, 27, 27, 28, 27, 32, 24, 27, 24, 29, 22, 23, 27, 40, 28, 29, 27, 26, 27, 27, 27, 29, 27, 27, 27, 26, 31, 27, 29, 27, 46, 27, 27, 27, 26, 27, 27, 27, 27, 29, 27, 28, 27, 28, 27, 40, 26, 47, 29, 41, 28, 36, 27, 27, 29, 27, 27, 27, 28, 29, 26, 26, 26, 36, 24, 33, 26, 27, 25, 26, 25, 25, 36, 28, 27, 28, 27, 29, 28, 28, 26, 25, 26, 25, 25, 26, 24, 34, 30, 29, 26, 35, 28, 24, 72, 0, 44, 28, 27, 29, 28, 35, 29, 34, 27, 27, 64, 26, 29, 33, 28, 27, 25, 26, 29, 28, 27, 27, 23, 27, 26, 60, 40, 23, 51, 35, 32, 46, 29, 31, 25]
[45, 27, 45, 45, 45, 46, 46, 43, 46, 42, 45, 46, 44, 46, 47, 47, 45, 43, 45, 46, 45, 46, 46, 46, 44, 44, 48, 45, 47, 46, 50, 44, 45, 44, 46, 45, 45, 46, 44, 46, 44, 44, 44, 46, 44, 46, 46, 47, 46, 44, 46, 46, 45, 43, 48, 46, 45, 45, 46, 43, 46, 44, 46, 46, 44, 46, 45, 46, 43, 46, 46, 44, 46, 47, 46, 44, 46, 47, 48, 44, 46, 44, 44, 44, 44, 44, 41, 48, 48, 45, 38, 44, 45, 44, 76, 44, 0, 43, 46, 46, 47, 46, 46, 46, 46, 46, 63, 46, 47, 46, 46, 46, 46, 45, 47, 44, 46, 46, 44, 46, 46, 59, 42, 42, 47, 46, 48, 45, 42, 45, 41]
[44, 26, 12, 19, 21, 34, 16, 17, 16, 22, 15, 14, 12, 41, 12, 12, 15, 13, 15, 12, 25, 13, 12, 19, 24, 12, 31, 15, 14, 12, 48, 12, 12, 18, 15, 24, 20, 14, 12, 12, 15, 13, 12, 16, 15, 41, 25, 49, 24, 39, 17, 35, 15, 13, 15, 14, 29, 24, 26, 23, 22, 30, 18, 36, 12, 35, 13, 24, 12, 15, 16, 12, 39, 26, 26, 23, 25, 26, 12, 29, 21, 17, 12, 14, 18, 15, 21, 34, 30, 25, 25, 35, 19, 10, 80, 28, 43, 0, 24, 12, 25, 37, 17, 37, 15, 25, 64, 17, 14, 35, 18, 16, 14, 12, 12, 16, 26, 12, 16, 20, 20, 62, 38, 20, 46, 33, 34, 46, 28, 34, 19]
[43, 26, 22, 24, 22, 33, 23, 23, 22, 24, 22, 23, 22, 39, 23, 24, 23, 23, 21, 22, 23, 22, 22, 19, 24, 22, 31, 24, 22, 22, 48, 22, 22, 24, 23, 24, 24, 23, 22, 24, 23, 21, 22, 23, 21, 42, 25, 45, 26, 41, 23, 37, 21, 21, 22, 17, 27, 24, 27, 26, 24, 30, 24, 36, 22, 33, 24, 24, 22, 23, 24, 22, 39, 26, 26, 22, 25, 24, 24, 31, 24, 24, 22, 23, 22, 23, 23, 35, 30, 27, 25, 33, 24, 21, 79, 27, 46, 24, 0, 24, 20, 34, 24, 33, 24, 25, 62, 23, 24, 34, 24, 24, 22, 22, 24, 24, 26, 22, 22, 24, 24, 58, 42, 24, 47, 34, 34, 46, 25, 32, 22]
[44, 24, 10, 18, 24, 36, 16, 20, 16, 24, 15, 14, 12, 39, 7, 7, 18, 17, 18, 12, 24, 13, 10, 21, 23, 11, 29, 14, 14, 12, 49, 10, 12, 18, 16, 24, 20, 13, 11, 9, 17, 15, 12, 17, 17, 42, 27, 51, 26, 42, 18, 37, 18, 16, 15, 14, 29, 23, 27, 25, 24, 26, 17, 38, 10, 34, 15, 21, 8, 13, 15, 10, 38, 24, 25, 22, 22, 24, 11, 29, 19, 15, 8, 12, 16, 14, 20, 34, 30, 27, 24, 36, 21, 12, 81, 29, 46, 12, 24, 0, 26, 36, 17, 37, 15, 24, 63, 17, 14, 35, 18, 16, 14, 11, 10, 13, 25, 10, 15, 19, 16, 61, 42, 23, 48, 38, 33, 46, 30, 34, 16]
[41, 28, 26, 25, 22, 34, 25, 26, 26, 24, 26, 25, 26, 40, 27, 28, 24, 24, 21, 26, 28, 26, 25, 23, 24, 26, 31, 25, 28, 26, 47, 26, 26, 26, 23, 28, 26, 25, 26, 28, 24, 23, 26, 24, 25, 39, 25, 46, 23, 40, 25, 34, 21, 22, 25, 20, 27, 27, 27, 25, 26, 30, 26, 37, 26, 33, 26, 28, 25, 24, 25, 26, 39, 26, 28, 25, 28, 27, 28, 30, 27, 26, 25, 26, 26, 26, 28, 32, 30, 28, 28, 32, 24, 26, 78, 28, 47, 25, 20, 26, 0, 28, 26, 35, 25, 28, 63, 26, 25, 34, 25, 26, 26, 26, 28, 28, 28, 24, 26, 26, 26, 58, 38, 25, 46, 34, 33, 46, 28, 31, 26]
[41, 35, 35, 35, 36, 35, 34, 36, 34, 36, 33, 35, 34, 42, 36, 37, 37, 37, 37, 35, 35, 35, 35, 37, 33, 35, 36, 35, 35, 35, 48, 35, 35, 35, 37, 35, 35, 35, 35, 37, 37, 37, 35, 37, 37, 41, 35, 48, 37, 43, 37, 38, 37, 37, 34, 29, 33, 30, 36, 37, 35, 34, 35, 39, 35, 37, 35, 35, 34, 34, 34, 35, 39, 36, 34, 35, 33, 36, 37, 35, 34, 35, 34, 35, 35, 35, 34, 37, 37, 36, 35, 37, 35, 34, 77, 35, 46, 37, 34, 36, 28, 0, 34, 36, 34, 34, 64, 35, 34, 37, 34, 35, 34, 35, 37, 35, 35, 35, 35, 35, 35, 58, 40, 35, 51, 38, 37, 46, 35, 34, 35]
[46, 26, 17, 19, 24, 35, 15, 19, 16, 20, 16, 15, 15, 42, 17, 17, 18, 17, 18, 17, 23, 17, 17, 22, 24, 17, 31, 17, 17, 17, 50, 17, 17, 18, 18, 24, 20, 17, 17, 17, 18, 17, 17, 18, 17, 43, 27, 48, 26, 41, 19, 38, 18, 17, 15, 17, 28, 22, 27, 27, 24, 30, 18, 39, 17, 35, 17, 24, 17, 17, 17, 17, 39, 25, 26, 23, 25, 26, 17, 31, 21, 17, 17, 17, 18, 17, 23, 34, 28, 28, 25, 35, 23, 17, 81, 29, 46, 17, 24, 17, 26, 34, 0, 32, 8, 17, 58, 10, 9, 26, 12, 13, 12, 16, 17, 17, 26, 17, 17, 20, 20, 58, 42, 23, 46, 38, 32, 47, 29, 34, 19]
[42, 35, 33, 34, 35, 32, 34, 37, 34, 35, 34, 32, 33, 38, 36, 37, 37, 37, 35, 33, 32, 35, 35, 35, 33, 33, 37, 35, 35, 35, 46, 35, 35, 35, 37, 35, 35, 35, 35, 37, 37, 35, 35, 37, 35, 41, 31, 43, 35, 41, 37, 37, 35, 35, 36, 33, 33, 33, 34, 34, 35, 35, 34, 37, 34, 34, 35, 34, 33, 35, 34, 35, 37, 34, 34, 33, 33, 36, 37, 32, 35, 34, 35, 35, 33, 35, 33, 37, 36, 36, 34, 32, 36, 35, 75, 34, 46, 37, 33, 37, 35, 36, 32, 0, 32, 31, 59, 32, 31, 35, 33, 31, 31, 35, 37, 37, 35, 35, 32, 35, 34, 54, 40, 32, 50, 35, 36, 45, 34, 35, 35]
[44, 24, 13, 17, 21, 31, 10, 19, 14, 20, 12, 8, 9, 40, 14, 15, 18, 17, 16, 12, 23, 15, 11, 20, 19, 13, 30, 11, 15, 13, 46, 13, 13, 16, 16, 22, 18, 11, 13, 15, 18, 15, 13, 16, 17, 39, 25, 48, 22, 41, 18, 36, 18, 16, 14, 12, 26, 22, 26, 25, 22, 28, 16, 37, 13, 33, 13, 22, 13, 13, 14, 13, 35, 24, 24, 21, 23, 26, 15, 29, 19, 15, 13, 13, 16, 13, 21, 31, 24, 28, 21, 33, 23, 13, 79, 27, 46, 15, 24, 15, 25, 34, 8, 32, 0, 17, 60, 8, 7, 20, 9, 8, 9, 12, 15, 16, 24, 13, 14, 18, 18, 58, 38, 19, 50, 34, 30, 45, 25, 30, 17]
[39, 24, 22, 23, 25, 32, 20, 23, 21, 23, 22, 21, 21, 39, 23, 24, 25, 25, 25, 22, 23, 25, 23, 25, 23, 23, 31, 23, 25, 23, 46, 23, 23, 23, 25, 23, 23, 23, 23, 25, 25, 25, 23, 25, 25, 41, 25, 48, 24, 41, 24, 38, 25, 25, 24, 22, 28, 23, 26, 27, 23, 28, 23, 37, 23, 33, 23, 23, 23, 23, 23, 23, 36, 25, 24, 24, 23, 26, 25, 29, 23, 23, 23, 23, 23, 23, 23, 33, 28, 28, 23, 35, 25, 23, 79, 27, 46, 25, 25, 24, 28, 34, 17, 31, 17, 0, 61, 19, 19, 25, 21, 17, 17, 21, 24, 24, 24, 23, 23, 22, 23, 56, 40, 23, 48, 34, 31, 45, 26, 32, 23]
[63, 62, 64, 60, 64, 64, 61, 63, 64, 63, 63, 65, 64, 64, 65, 65, 63, 62, 63, 65, 64, 62, 65, 61, 64, 64, 63, 64, 62, 64, 64, 64, 64, 63, 63, 64, 64, 64, 64, 64, 62, 62, 64, 63, 62, 62, 63, 65, 63, 64, 63, 62, 63, 63, 64, 64, 64, 63, 65, 62, 63, 62, 63, 64, 64, 64, 64, 59, 62, 62, 62, 64, 62, 60, 63, 62, 62, 58, 63, 61, 62, 62, 62, 64, 64, 65, 62, 62, 63, 61, 60, 64, 62, 63, 78, 64, 63, 64, 62, 63, 63, 64, 58, 59, 60, 61, 0, 59, 59, 59, 61, 60, 59, 64, 64, 65, 63, 65, 64, 64, 62, 64, 61, 64, 63, 62, 63, 64, 64, 61, 62]
[42, 24, 15, 16, 23, 33, 15, 20, 14, 22, 15, 14, 13, 38, 16, 17, 18, 17, 18, 14, 23, 17, 15, 21, 22, 15, 30, 15, 17, 14, 43, 15, 15, 16, 18, 22, 18, 15, 15, 17, 18, 17, 15, 18, 17, 40, 25, 48, 24, 40, 19, 35, 18, 17, 17, 15, 28, 22, 26, 25, 22, 27, 16, 36, 15, 33, 15, 22, 15, 15, 15, 15, 36, 24, 24, 21, 23, 26, 17, 28, 18, 15, 15, 15, 16, 15, 21, 31, 24, 26, 23, 35, 23, 13, 75, 26, 46, 17, 23, 17, 26, 35, 10, 32, 8, 19, 59, 0, 13, 24, 12, 10, 7, 15, 17, 17, 23, 15, 15, 17, 17, 56, 39, 21, 50, 33, 30, 45, 25, 32, 17]
[46, 26, 14, 19, 23, 35, 10, 19, 16, 20, 13, 12, 12, 42, 14, 14, 18, 17, 16, 14, 25, 14, 12, 20, 22, 14, 31, 13, 14, 14, 50, 14, 14, 18, 16, 24, 20, 12, 14, 14, 18, 15, 14, 16, 17, 41, 27, 50, 25, 43, 18, 36, 18, 16, 13, 14, 26, 22, 27, 27, 23, 29, 18, 38, 13, 34, 15, 24, 13, 15, 16, 13, 36, 24, 26, 22, 25, 26, 13, 30, 21, 17, 13, 14, 18, 14, 23, 34, 26, 28, 23, 33, 23, 14, 81, 29, 47, 14, 24, 14, 25, 34, 9, 31, 7, 19, 59, 13, 0, 25, 8, 12, 10, 13, 14, 16, 26, 14, 16, 20, 19, 58, 40, 21, 48, 38, 32, 47, 29, 32, 18]
[44, 32, 33, 32, 33, 33, 27, 31, 31, 32, 30, 28, 29, 40, 34, 35, 35, 35, 31, 32, 33, 35, 31, 33, 31, 33, 35, 31, 35, 33, 47, 33, 33, 31, 33, 33, 33, 31, 33, 35, 35, 35, 33, 33, 35, 40, 32, 48, 33, 43, 34, 36, 34, 35, 34, 32, 31, 33, 34, 35, 33, 31, 33, 37, 33, 33, 33, 31, 33, 33, 33, 33, 35, 34, 33, 34, 33, 35, 35, 31, 33, 33, 33, 33, 33, 33, 33, 34, 29, 35, 31, 35, 34, 33, 78, 33, 46, 35, 34, 35, 34, 37, 26, 35, 20, 25, 59, 24, 25, 0, 25, 25, 25, 32, 34, 34, 32, 33, 33, 33, 33, 54, 40, 31, 47, 32, 34, 45, 31, 32, 31]
[44, 26, 18, 17, 24, 35, 16, 21, 18, 22, 16, 14, 14, 42, 18, 18, 18, 18, 18, 17, 25, 18, 16, 22, 22, 18, 30, 17, 18, 18, 47, 18, 18, 18, 18, 24, 20, 16, 18, 18, 18, 18, 18, 18, 18, 41, 27, 50, 25, 43, 19, 36, 18, 18, 16, 17, 26, 22, 27, 27, 24, 29, 18, 39, 18, 35, 18, 24, 18, 18, 18, 18, 39, 25, 26, 23, 25, 26, 18, 31, 21, 18, 18, 18, 18, 18, 23, 32, 24, 26, 23, 33, 23, 18, 78, 28, 46, 18, 24, 18, 25, 34, 12, 33, 9, 21, 61, 12, 8, 25, 0, 13, 12, 17, 18, 18, 26, 18, 18, 20, 20, 56, 40, 23, 50, 36, 32, 46, 27, 32, 18]
[42, 24, 14, 16, 22, 33, 14, 21, 14, 20, 14, 12, 11, 40, 15, 16, 18, 16, 18, 13, 23, 16, 14, 22, 22, 14, 29, 14, 16, 14, 46, 14, 14, 16, 18, 21, 17, 14, 14, 16, 18, 16, 14, 18, 17, 41, 25, 49, 22, 41, 19, 37, 18, 16, 15, 13, 28, 21, 26, 25, 22, 27, 16, 37, 14, 33, 14, 22, 14, 14, 14, 14, 35, 24, 24, 21, 23, 26, 16, 29, 18, 15, 14, 14, 16, 14, 21, 30, 25, 28, 23, 35, 21, 14, 77, 27, 46, 16, 24, 16, 26, 35, 13, 31, 8, 17, 60, 10, 12, 25, 13, 0, 8, 14, 16, 16, 24, 14, 14, 17, 18, 56, 39, 21, 50, 33, 30, 45, 25, 32, 17]
[41, 24, 12, 15, 22, 32, 13, 17, 12, 21, 11, 12, 11, 39, 13, 14, 17, 16, 18, 12, 23, 14, 12, 20, 22, 12, 30, 13, 14, 11, 44, 12, 12, 16, 18, 22, 18, 12, 12, 14, 18, 15, 12, 18, 16, 39, 24, 48, 24, 40, 19, 35, 18, 16, 15, 12, 27, 21, 26, 25, 22, 27, 16, 37, 12, 33, 13, 22, 12, 13, 14, 12, 37, 24, 24, 21, 23, 26, 14, 29, 18, 15, 12, 12, 16, 13, 21, 30, 26, 26, 23, 35, 23, 10, 75, 25, 46, 14, 22, 14, 26, 34, 12, 31, 9, 17, 59, 7, 10, 25, 12, 8, 0, 12, 14, 16, 24, 12, 14, 17, 18, 58, 39, 19, 50, 33, 29, 45, 25, 31, 17]
[40, 23, 7, 15, 22, 33, 13, 20, 13, 21, 12, 10, 10, 39, 10, 11, 18, 17, 16, 10, 21, 11, 9, 20, 22, 8, 29, 11, 12, 10, 47, 8, 8, 16, 17, 20, 16, 11, 7, 9, 17, 13, 9, 18, 16, 39, 25, 46, 24, 41, 19, 38, 16, 14, 15, 12, 28, 22, 26, 24, 22, 27, 16, 37, 9, 33, 13, 22, 9, 13, 14, 9, 37, 24, 24, 21, 23, 25, 11, 28, 19, 13, 9, 12, 16, 13, 21, 31, 28, 28, 22, 35, 22, 10, 79, 26, 45, 12, 22, 11, 26, 35, 16, 35, 12, 21, 64, 15, 13, 32, 17, 14, 12, 0, 12, 16, 24, 9, 14, 18, 18, 60, 40, 21, 50, 36, 30, 45, 27, 32, 16]
[45, 24, 12, 19, 24, 36, 16, 20, 16, 24, 15, 14, 12, 39, 10, 8, 17, 17, 18, 12, 25, 13, 12, 22, 23, 12, 29, 15, 14, 12, 47, 12, 12, 18, 18, 22, 19, 14, 12, 12, 18, 15, 12, 18, 17, 42, 27, 50, 26, 42, 19, 37, 18, 16, 15, 14, 30, 24, 25, 25, 24, 29, 18, 39, 12, 35, 15, 23, 12, 15, 16, 12, 38, 26, 26, 23, 25, 25, 11, 30, 21, 17, 12, 14, 18, 15, 23, 34, 29, 27, 24, 36, 20, 12, 80, 29, 47, 12, 24, 10, 28, 37, 17, 37, 15, 24, 64, 17, 14, 34, 18, 16, 14, 12, 0, 12, 26, 12, 16, 19, 20, 62, 42, 22, 49, 37, 33, 47, 30, 33, 18]
[46, 26, 16, 19, 24, 36, 16, 19, 16, 24, 16, 16, 16, 39, 14, 12, 18, 17, 18, 16, 25, 16, 16, 22, 24, 16, 31, 16, 16, 16, 47, 16, 15, 18, 18, 24, 20, 16, 16, 16, 18, 16, 16, 18, 17, 43, 27, 51, 26, 43, 19, 38, 18, 16, 16, 16, 30, 24, 27, 27, 24, 29, 18, 39, 16, 35, 16, 24, 16, 16, 16, 16, 38, 24, 26, 23, 25, 26, 14, 30, 21, 17, 16, 16, 18, 16, 23, 34, 28, 26, 25, 37, 22, 14, 77, 28, 44, 16, 24, 13, 28, 35, 17, 37, 16, 24, 65, 17, 16, 34, 18, 16, 16, 16, 12, 0, 26, 16, 16, 19, 20, 62, 41, 23, 47, 38, 31, 45, 29, 34, 19]
[42, 24, 20, 26, 26, 31, 24, 26, 24, 26, 24, 24, 23, 38, 24, 25, 26, 26, 26, 20, 24, 24, 24, 25, 24, 22, 31, 22, 22, 23, 46, 24, 24, 24, 26, 24, 24, 22, 22, 24, 26, 26, 24, 26, 26, 40, 25, 47, 26, 39, 26, 37, 26, 26, 26, 19, 24, 21, 26, 27, 24, 28, 24, 35, 24, 33, 24, 24, 24, 24, 24, 24, 35, 26, 24, 25, 24, 26, 26, 29, 24, 24, 24, 24, 24, 24, 24, 32, 29, 28, 24, 35, 26, 24, 75, 27, 46, 26, 26, 25, 28, 35, 26, 35, 24, 24, 63, 23, 26, 32, 26, 24, 24, 24, 26, 26, 0, 24, 24, 24, 23, 57, 40, 22, 50, 33, 32, 46, 28, 32, 24]
[44, 24, 8, 17, 22, 34, 14, 21, 14, 22, 13, 12, 10, 40, 9, 10, 18, 17, 16, 10, 21, 11, 8, 20, 20, 9, 29, 13, 12, 8, 46, 8, 8, 16, 18, 22, 16, 12, 9, 8, 18, 14, 8, 16, 15, 41, 23, 47, 22, 39, 17, 35, 16, 14, 13, 12, 28, 22, 25, 25, 20, 28, 16, 37, 8, 33, 13, 22, 8, 11, 14, 9, 36, 24, 24, 21, 23, 25, 11, 29, 19, 15, 9, 12, 16, 13, 21, 31, 26, 26, 21, 31, 23, 10, 79, 27, 46, 12, 22, 10, 24, 35, 17, 35, 13, 23, 65, 15, 14, 33, 18, 14, 12, 9, 12, 16, 24, 0, 12, 18, 18, 60, 40, 21, 50, 32, 32, 45, 24, 28, 17]
[42, 24, 12, 17, 22, 31, 14, 21, 14, 20, 14, 14, 14, 38, 15, 16, 18, 17, 16, 14, 21, 14, 14, 20, 20, 12, 31, 14, 16, 14, 46, 14, 14, 16, 18, 22, 18, 14, 14, 16, 18, 14, 14, 18, 16, 41, 23, 46, 24, 39, 19, 38, 16, 14, 16, 14, 26, 22, 24, 23, 18, 23, 12, 34, 9, 29, 10, 18, 10, 10, 11, 8, 32, 20, 20, 17, 18, 22, 12, 24, 15, 12, 9, 12, 12, 12, 19, 32, 24, 22, 19, 29, 21, 14, 77, 23, 44, 16, 22, 15, 26, 35, 17, 32, 14, 23, 64, 15, 16, 33, 18, 14, 14, 14, 16, 16, 24, 12, 0, 18, 14, 58, 40, 21, 48, 32, 28, 42, 24, 30, 15]
[44, 24, 18, 20, 24, 34, 18, 21, 18, 23, 18, 18, 17, 38, 18, 19, 17, 19, 18, 18, 23, 20, 18, 22, 20, 17, 28, 18, 20, 17, 45, 17, 18, 18, 18, 22, 18, 18, 18, 20, 17, 18, 17, 18, 20, 39, 23, 47, 24, 41, 18, 35, 18, 17, 19, 17, 28, 22, 26, 25, 22, 27, 18, 37, 16, 31, 18, 22, 18, 18, 18, 18, 37, 24, 24, 21, 23, 26, 20, 29, 18, 18, 18, 18, 18, 18, 20, 30, 26, 26, 23, 35, 23, 18, 77, 27, 46, 20, 24, 19, 26, 35, 20, 35, 18, 22, 64, 17, 20, 33, 20, 17, 17, 18, 19, 19, 24, 18, 18, 0, 18, 60, 40, 21, 50, 35, 31, 46, 28, 32, 18]
[44, 24, 18, 20, 24, 33, 18, 21, 18, 23, 18, 18, 18, 34, 16, 18, 20, 20, 20, 18, 21, 20, 18, 22, 22, 18, 30, 18, 20, 17, 48, 18, 18, 18, 20, 22, 18, 18, 18, 18, 20, 20, 18, 20, 20, 41, 25, 49, 24, 40, 20, 37, 20, 20, 20, 17, 27, 22, 26, 23, 17, 19, 15, 34, 12, 25, 14, 20, 14, 14, 14, 13, 33, 20, 22, 20, 21, 26, 16, 24, 18, 15, 13, 9, 16, 17, 21, 33, 27, 27, 23, 35, 23, 18, 78, 26, 46, 20, 24, 16, 26, 35, 20, 34, 18, 23, 62, 17, 19, 33, 20, 18, 18, 18, 20, 20, 23, 18, 14, 18, 0, 60, 40, 21, 49, 35, 30, 45, 28, 32, 18]
[48, 59, 58, 56, 53, 56, 58, 62, 59, 56, 59, 57, 58, 58, 61, 62, 62, 61, 60, 57, 58, 60, 60, 60, 56, 58, 61, 60, 60, 59, 58, 60, 60, 59, 62, 60, 60, 60, 60, 62, 62, 60, 60, 62, 60, 61, 58, 58, 58, 60, 62, 61, 60, 60, 54, 58, 57, 54, 57, 57, 58, 59, 58, 58, 60, 57, 60, 59, 59, 59, 58, 60, 60, 58, 58, 58, 57, 59, 62, 59, 59, 56, 59, 60, 58, 59, 59, 58, 56, 60, 59, 58, 61, 60, 79, 60, 59, 62, 58, 61, 58, 58, 58, 54, 58, 56, 64, 56, 58, 54, 56, 56, 58, 60, 62, 62, 57, 60, 58, 60, 60, 0, 59, 58, 59, 57, 57, 60, 58, 58, 59]
[40, 40, 40, 38, 37, 40, 38, 40, 40, 38, 40, 38, 38, 42, 41, 42, 39, 38, 35, 40, 40, 40, 38, 39, 38, 40, 42, 38, 42, 40, 46, 40, 40, 37, 37, 40, 40, 38, 40, 42, 37, 36, 40, 36, 38, 38, 39, 47, 35, 41, 37, 39, 36, 37, 42, 40, 40, 40, 40, 38, 39, 40, 40, 42, 40, 40, 39, 40, 40, 40, 40, 40, 42, 40, 40, 38, 40, 42, 41, 40, 40, 40, 40, 40, 40, 40, 38, 42, 38, 42, 38, 37, 38, 39, 77, 40, 42, 38, 42, 42, 38, 40, 42, 40, 38, 40, 61, 39, 40, 40, 40, 39, 39, 40, 42, 41, 40, 40, 40, 40, 40, 59, 0, 38, 50, 41, 40, 46, 34, 37, 38]
[42, 24, 19, 23, 22, 30, 14, 22, 19, 24, 18, 17, 19, 40, 22, 23, 21, 20, 19, 19, 23, 23, 19, 21, 21, 20, 31, 19, 21, 21, 46, 21, 21, 21, 19, 22, 21, 19, 21, 23, 21, 22, 21, 20, 22, 38, 24, 46, 26, 39, 21, 34, 21, 21, 23, 21, 23, 22, 26, 26, 22, 28, 21, 36, 20, 33, 20, 22, 20, 21, 20, 21, 34, 26, 24, 23, 23, 26, 23, 29, 21, 19, 21, 21, 20, 21, 18, 33, 28, 26, 23, 31, 23, 19, 74, 23, 42, 20, 24, 23, 25, 35, 23, 32, 19, 23, 64, 21, 21, 31, 23, 21, 19, 21, 22, 23, 22, 21, 21, 21, 21, 58, 38, 0, 48, 32, 32, 44, 28, 29, 20]
[48, 50, 49, 50, 46, 49, 48, 45, 49, 45, 49, 49, 47, 49, 51, 51, 49, 46, 47, 50, 50, 47, 50, 49, 48, 49, 50, 50, 47, 50, 52, 50, 50, 50, 49, 49, 50, 50, 50, 51, 49, 47, 50, 50, 47, 47, 50, 50, 48, 48, 50, 46, 48, 48, 50, 50, 48, 47, 49, 45, 51, 50, 50, 52, 48, 50, 50, 50, 47, 47, 48, 48, 51, 48, 52, 48, 51, 47, 52, 50, 48, 49, 47, 48, 48, 48, 49, 51, 50, 51, 48, 47, 46, 46, 77, 51, 47, 46, 47, 48, 46, 51, 46, 50, 50, 48, 63, 50, 48, 47, 50, 50, 50, 50, 49, 47, 50, 50, 48, 50, 49, 59, 50, 48, 0, 48, 51, 52, 47, 51, 47]
[41, 36, 32, 34, 33, 35, 36, 36, 36, 35, 36, 34, 30, 38, 37, 38, 35, 35, 34, 31, 34, 36, 36, 36, 33, 34, 35, 34, 34, 35, 46, 36, 36, 35, 37, 35, 35, 34, 34, 38, 37, 36, 36, 38, 36, 43, 34, 49, 36, 39, 38, 37, 36, 36, 36, 32, 31, 30, 34, 34, 35, 33, 36, 37, 36, 34, 35, 36, 36, 36, 36, 36, 37, 36, 36, 35, 36, 38, 37, 36, 35, 36, 36, 36, 34, 36, 34, 36, 34, 37, 34, 32, 36, 34, 72, 35, 46, 33, 34, 38, 34, 38, 38, 35, 34, 34, 62, 33, 38, 32, 36, 33, 33, 36, 37, 38, 33, 32, 32, 35, 35, 57, 41, 32, 48, 0, 37, 44, 29, 33, 36]
[43, 32, 32, 32, 34, 35, 31, 32, 31, 29, 31, 31, 31, 38, 31, 33, 33, 33, 30, 32, 32, 32, 32, 34, 32, 32, 33, 32, 33, 31, 47, 32, 32, 31, 34, 32, 31, 32, 32, 34, 34, 32, 32, 34, 34, 41, 32, 49, 32, 41, 34, 36, 32, 32, 33, 31, 33, 30, 33, 32, 30, 30, 30, 39, 31, 35, 30, 30, 30, 29, 29, 30, 35, 27, 30, 32, 30, 30, 28, 31, 29, 29, 29, 30, 32, 32, 31, 33, 26, 26, 32, 35, 33, 32, 79, 32, 48, 34, 34, 33, 33, 37, 32, 36, 30, 31, 63, 30, 32, 34, 32, 30, 29, 30, 33, 31, 32, 32, 28, 31, 30, 57, 40, 32, 51, 37, 0, 40, 32, 34, 32]
[46, 45, 45, 45, 46, 46, 46, 48, 46, 43, 45, 46, 44, 46, 47, 48, 48, 47, 46, 46, 45, 45, 46, 47, 46, 46, 47, 45, 47, 46, 50, 45, 45, 46, 48, 45, 45, 45, 45, 47, 48, 45, 46, 48, 48, 47, 46, 51, 45, 48, 48, 48, 46, 45, 48, 45, 44, 46, 46, 45, 43, 45, 44, 46, 45, 46, 43, 43, 45, 43, 45, 44, 44, 41, 43, 45, 44, 44, 42, 45, 44, 43, 44, 46, 44, 46, 44, 48, 40, 41, 45, 44, 48, 46, 79, 46, 45, 46, 46, 46, 46, 46, 47, 45, 45, 45, 64, 45, 47, 45, 46, 45, 45, 45, 47, 45, 46, 45, 42, 46, 45, 60, 46, 44, 52, 44, 40, 0, 45, 45, 45]
[40, 28, 26, 27, 28, 32, 28, 29, 26, 28, 28, 25, 24, 38, 29, 30, 30, 30, 28, 25, 26, 28, 28, 28, 27, 26, 31, 28, 28, 28, 46, 28, 28, 28, 30, 28, 28, 28, 28, 30, 30, 28, 28, 30, 28, 41, 28, 45, 28, 41, 30, 38, 28, 28, 28, 27, 29, 28, 29, 28, 28, 29, 28, 36, 27, 33, 28, 28, 28, 27, 28, 27, 39, 30, 28, 27, 28, 30, 30, 31, 28, 28, 28, 27, 26, 27, 28, 34, 30, 30, 26, 30, 28, 26, 79, 29, 42, 28, 25, 30, 28, 35, 29, 34, 25, 26, 64, 25, 29, 31, 27, 25, 25, 27, 30, 29, 28, 24, 24, 28, 28, 58, 34, 28, 47, 29, 32, 45, 0, 30, 26]
[42, 31, 30, 30, 30, 32, 28, 33, 31, 32, 29, 30, 32, 38, 33, 34, 33, 33, 29, 30, 32, 32, 30, 29, 28, 30, 34, 30, 32, 32, 46, 32, 32, 28, 31, 31, 31, 30, 32, 34, 33, 30, 32, 30, 30, 41, 28, 48, 30, 41, 31, 38, 31, 31, 33, 32, 30, 32, 30, 31, 32, 32, 32, 35, 31, 33, 32, 29, 31, 31, 31, 31, 37, 32, 31, 30, 31, 32, 33, 32, 32, 31, 31, 31, 29, 32, 32, 34, 31, 34, 21, 21, 34, 31, 77, 31, 45, 34, 32, 34, 31, 34, 34, 35, 30, 32, 61, 32, 32, 32, 32, 32, 31, 32, 33, 34, 32, 28, 30, 32, 32, 58, 37, 29, 51, 33, 34, 45, 30, 0, 21]
[42, 21, 16, 19, 24, 34, 17, 21, 17, 23, 17, 16, 17, 40, 18, 19, 19, 19, 19, 17, 23, 18, 15, 22, 21, 16, 30, 16, 18, 17, 47, 16, 16, 17, 18, 22, 18, 16, 16, 18, 19, 19, 16, 19, 19, 39, 25, 47, 23, 41, 19, 35, 19, 19, 19, 17, 26, 22, 26, 25, 22, 25, 17, 36, 15, 32, 17, 21, 14, 16, 17, 15, 36, 24, 24, 19, 22, 23, 19, 27, 19, 15, 14, 15, 15, 15, 19, 33, 27, 28, 12, 22, 21, 17, 77, 25, 41, 19, 22, 16, 26, 35, 19, 35, 17, 23, 62, 17, 18, 31, 18, 17, 17, 16, 18, 19, 24, 17, 15, 18, 18, 59, 38, 20, 47, 36, 32, 45, 26, 21, 0]
