[0.0, 0.0, 27.0, 54.0, 8.0, 14.0, 22.0, 29.0, 6.0, 13.0, 11.0, 22.0, 9.0, 14.0, 19.0, 22.0, 0.0, 1.0, 0.0, 2.0, -1.0, 5.0, 0.0, 0.0, -2.0, 2.0, 2.0, 0.0, -3.0, 5.0, 1.0, -4.0, 0.0, 0.0, 0.0, 1.0, 0.0, 0.0, 1.0, 2.0, 1.0, 1.0, 1.0, 3.0, 1.0, 2.0, 4.0, 5.0, 1.0, 0.0, 2.0, 2.0, 2.0, 3.0, 3.0, 0.0, 0.0, 0.0, 0.0, -2.0, 1.0, 0.0, -3.0, -3.0]
[0.0, 0.0, 36.0, 45.0, 8.0, 14.0, 13.0, 29.0, 6.0, 13.0, 2.0, 22.0, 9.0, 14.0, 19.0, 22.0, 0.0, 1.0, -3.0, 2.0, -1.0, 5.0, 0.0, 0.0, -2.0, 2.0, 2.0, 0.0, -3.0, 5.0, 1.0, -4.0, 0.0, 0.0, 0.0, 1.0, -3.0, 0.0, 1.0, 2.0, 1.0, 1.0, 1.0, 3.0, 1.0, 2.0, 4.0, 5.0, 1.0, 0.0, 2.0, 2.0, 2.0, 3.0, 3.0, 0.0, 0.0, 0.0, 0.0, -2.0, 1.0, 0.0, -3.0, -3.0]
[0.0, 0.0, 26.0, 54.0, 7.0, 14.0, 22.0, 29.0, 5.0, 13.0, 11.0, 22.0, 9.0, 14.0, 19.0, 22.0, -1.0, 1.0, 0.0, 2.0, -1.0, 5.0, 0.0, 0.0, -2.0, 2.0, 2.0, 0.0, -3.0, 5.0, 1.0, -4.0, -1.0, 0.0, 0.0, 1.0, 0.0, 0.0, 1.0, 2.0, 1.0, 1.0, 1.0, 3.0, 1.0, 2.0, 4.0, 5.0, 1.0, 0.0, 2.0, 2.0, 2.0, 3.0, 3.0, 0.0, 0.0, 0.0, 0.0, -2.0, 1.0, 0.0, -3.0, -3.0]
[0.0, 0.0, 27.0, 54.0, 8.0, 14.0, 22.0, 29.0, 6.0, 13.0, 11.0, 22.0, 9.0, 14.0, 19.0, 22.0, 0.0, 1.0, 0.0, 2.0, -1.0, 5.0, 0.0, 0.0, -2.0, 2.0, 2.0, 0.0, -3.0, 5.0, 1.0, -4.0, 0.0, 0.0, 0.0, 1.0, 0.0, 0.0, 1.0, 2.0, 1.0, 1.0, 1.0, 3.0, 1.0, 2.0, 4.0, 5.0, 1.0, 0.0, 2.0, 2.0, 2.0, 3.0, 3.0, 0.0, 0.0, 0.0, 0.0, -2.0, 1.0, 0.0, -3.0, -3.0]
[0.0, 0.0, 27.0, 54.0, 8.0, 14.0, 22.0, 29.0, 6.0, 13.0, 11.0, 22.0, 9.0, 14.0, 19.0, 22.0, 0.0, 1.0, 0.0, 2.0, -1.0, 5.0, 0.0, 0.0, -2.0, 2.0, 2.0, 0.0, -3.0, 5.0, 1.0, -4.0, 0.0, 0.0, 0.0, 1.0, 0.0, 0.0, 1.0, 2.0, 1.0, 1.0, 1.0, 3.0, 1.0, 2.0, 4.0, 5.0, 1.0, 0.0, 2.0, 2.0, 2.0, 3.0, 3.0, 0.0, 0.0, 0.0, 0.0, -2.0, 1.0, 0.0, -3.0, -3.0]
[0.0, 0.0, 27.0, 54.0, 8.0, 14.0, 22.0, 29.0, 6.0, 13.0, 11.0, 22.0, 9.0, 14.0, 19.0, 22.0, 0.0, 1.0, 0.0, 2.0, -1.0, 5.0, 0.0, 0.0, -2.0, 2.0, 2.0, 0.0, -3.0, 5.0, 1.0, -4.0, 0.0, 0.0, 0.0, 1.0, 0.0, 0.0, 1.0, 2.0, 1.0, 1.0, 1.0, 3.0, 1.0, 2.0, 4.0, 5.0, 1.0, 0.0, 2.0, 2.0, 2.0, 3.0, 3.0, 0.0, 0.0, 0.0, 0.0, -2.0, 1.0, 0.0, -3.0, -3.0]
[0.0, 0.0, 27.0, 54.0, 8.0, 14.0, 22.0, 29.0, 6.0, 13.0, 11.0, 22.0, 9.0, 14.0, 19.0, 22.0, 0.0, 1.0, 0.0, 2.0, -1.0, 5.0, 0.0, 0.0, -2.0, 2.0, 2.0, 0.0, -3.0, 5.0, 1.0, -4.0, 0.0, 0.0, 0.0, 1.0, 0.0, 0.0, 1.0, 2.0, 1.0, 1.0, 1.0, 3.0, 1.0, 2.0, 4.0, 5.0, 1.0, 0.0, 2.0, 2.0, 2.0, 3.0, 3.0, 0.0, 0.0, 0.0, 0.0, -2.0, 1.0, 0.0, -3.0, -3.0]
[0.0, 0.0, 24.0, 42.0, 6.0, 9.0, 13.0, 28.0, 0.0, 2.0, -2.0, 21.0, 9.0, 14.0, 19.0, 22.0, -4.0, 5.0, -3.0, 1.0, -3.0, 8.0, -2.0, 0.0, -2.0, 2.0, 2.0, 0.0, -3.0, 5.0, 1.0, -4.0, -3.0, 0.0, -2.0, -5.0, -3.0, -2.0, 0.0, 2.0, -1.0, 1.0, 1.0, 0.0, -1.0, 2.0, 4.0, 5.0, 1.0, 0.0, 2.0, 2.0, 2.0, 3.0, 3.0, 0.0, 0.0, 0.0, 0.0, -2.0, 1.0, 0.0, -3.0, -3.0]
[0.0, 0.0, 22.0, 49.0, 0.0, 12.0, 18.0, 28.0, -2.0, 9.0, 5.0, 21.0, 9.0, 14.0, 19.0, 22.0, -4.0, -2.0, -1.0, 1.0, -1.0, 4.0, -1.0, 0.0, -2.0, 2.0, 2.0, 0.0, -3.0, 5.0, 1.0, -4.0, -3.0, -2.0, -3.0, 1.0, -3.0, -2.0, 0.0, 2.0, 1.0, 1.0, 0.0, 3.0, 0.0, 2.0, 4.0, 5.0, 1.0, 0.0, 2.0, 2.0, 2.0, 3.0, 3.0, 0.0, 0.0, 0.0, 0.0, -2.0, 1.0, 0.0, -3.0, -3.0]
[0.0, 0.0, 18.0, 42.0, 5.0, 16.0, 26.0, 29.0, -5.0, -1.0, -3.0, 20.0, 9.0, 14.0, 19.0, 22.0, -3.0, -1.0, -3.0, 1.0, -1.0, 7.0, -7.0, 1.0, -2.0, 2.0, 2.0, 0.0, -3.0, 5.0, 1.0, -4.0, -3.0, -2.0, -3.0, -1.0, -3.0, -1.0, 0.0, 2.0, -1.0, -1.0, -2.0, -2.0, -7.0, 1.0, 4.0, 4.0, 1.0, 0.0, 2.0, 2.0, 2.0, 3.0, 3.0, 0.0, 0.0, 0.0, 0.0, -2.0, 1.0, 0.0, -3.0, -3.0]
[0.0, 0.0, 25.0, 39.0, 7.0, 14.0, 27.0, 29.0, -3.0, 5.0, -4.0, 22.0, 9.0, 14.0, 19.0, 22.0, -3.0, 1.0, -3.0, 2.0, -3.0, 7.0, -8.0, 0.0, -2.0, 2.0, 2.0, 0.0, -3.0, 5.0, 1.0, -4.0, -3.0, -1.0, -2.0, -1.0, -3.0, -1.0, 1.0, 2.0, -2.0, 0.0, 0.0, 0.0, -8.0, 1.0, 4.0, 5.0, 1.0, 0.0, 2.0, 2.0, 2.0, 3.0, 3.0, 0.0, 0.0, 0.0, 0.0, -2.0, 1.0, 0.0, -3.0, -3.0]
[0.0, 0.0, 30.0, 41.0, 5.0, 11.0, 23.0, 29.0, 1.0, 8.0, -2.0, 22.0, 9.0, 14.0, 19.0, 22.0, -4.0, 1.0, -2.0, 2.0, -2.0, 6.0, -1.0, 0.0, -2.0, 2.0, 2.0, 0.0, -3.0, 5.0, 1.0, -4.0, -3.0, 0.0, -2.0, -1.0, -3.0, -2.0, 1.0, 2.0, 0.0, 1.0, 1.0, 2.0, -3.0, -1.0, 4.0, 5.0, 1.0, 0.0, 2.0, 2.0, 2.0, 3.0, 3.0, 0.0, 0.0, 0.0, 0.0, -2.0, 1.0, 0.0, -3.0, -3.0]
[0.0, 0.0, 32.0, 40.0, 6.0, 11.0, 21.0, 28.0, 0.0, 8.0, -4.0, 21.0, 9.0, 14.0, 19.0, 22.0, -4.0, 1.0, -3.0, 1.0, -3.0, 6.0, -1.0, 0.0, -2.0, 2.0, 2.0, 0.0, -3.0, 5.0, 1.0, -4.0, -3.0, 0.0, -2.0, -1.0, -3.0, -2.0, 0.0, 2.0, -1.0, 1.0, 1.0, 2.0, -3.0, -1.0, 4.0, 5.0, 1.0, 0.0, 2.0, 2.0, 2.0, 3.0, 3.0, 0.0, 0.0, 0.0, 0.0, -2.0, 1.0, 0.0, -3.0, -3.0]
