[0.0, 0.0, 13.0, 51.0, 11.0, 12.0, 18.0, 30.0, -9.0, 9.0, 7.0, 21.0, 9.0, 14.0, 19.0, 22.0, -4.0, 0.0, 0.0, 2.0, -4.0, 4.0, 0.0, 1.0, -2.0, 2.0, 2.0, 0.0, -3.0, 5.0, 1.0, -4.0, -3.0, -1.0, -2.0, 0.0, -2.0, -2.0, 1.0, 2.0, -5.0, -2.0, 0.0, 3.0, 1.0, 2.0, 4.0, 4.0, 1.0, 0.0, 2.0, 2.0, 2.0, 3.0, 3.0, 0.0, 0.0, 0.0, 0.0, -2.0, 1.0, 0.0, -3.0, -3.0]
[0.0, 0.0, 16.0, 50.0, 13.0, 12.0, 17.0, 30.0, -3.0, 5.0, 6.0, 21.0, 9.0, 14.0, 19.0, 22.0, -2.0, 0.0, -3.0, 2.0, -4.0, 2.0, 0.0, 1.0, -2.0, 2.0, 2.0, 0.0, -3.0, 5.0, 1.0, -4.0, -2.0, 0.0, -3.0, -1.0, -3.0, -1.0, 1.0, 2.0, -4.0, -1.0, -2.0, 3.0, 1.0, 2.0, 4.0, 4.0, 1.0, 0.0, 2.0, 2.0, 2.0, 3.0, 3.0, 0.0, 0.0, 0.0, 0.0, -2.0, 1.0, 0.0, -3.0, -3.0]
[0.0, 0.0, 21.0, 54.0, 3.0, 15.0, 22.0, 29.0, 1.0, 12.0, 11.0, 22.0, 9.0, 14.0, 19.0, 22.0, -5.0, 1.0, 0.0, 2.0, -1.0, 6.0, 0.0, 0.0, -2.0, 2.0, 2.0, 0.0, -3.0, 5.0, 1.0, -4.0, -3.0, 0.0, 0.0, 1.0, 0.0, 0.0, 1.0, 2.0, 1.0, 1.0, 1.0, 2.0, 1.0, 2.0, 4.0, 5.0, 1.0, 0.0, 2.0, 2.0, 2.0, 3.0, 3.0, 0.0, 0.0, 0.0, 0.0, -2.0, 1.0, 0.0, -3.0, -3.0]
[0.0, 0.0, 21.0, 54.0, 3.0, 15.0, 22.0, 29.0, 1.0, 12.0, 11.0, 22.0, 9.0, 14.0, 19.0, 22.0, -5.0, 1.0, 0.0, 2.0, -1.0, 6.0, 0.0, 0.0, -2.0, 2.0, 2.0, 0.0, -3.0, 5.0, 1.0, -4.0, -3.0, 0.0, 0.0, 1.0, 0.0, 0.0, 1.0, 2.0, 1.0, 1.0, 1.0, 2.0, 1.0, 2.0, 4.0, 5.0, 1.0, 0.0, 2.0, 2.0, 2.0, 3.0, 3.0, 0.0, 0.0, 0.0, 0.0, -2.0, 1.0, 0.0, -3.0, -3.0]
[0.0, 0.0, 35.0, 46.0, 8.0, 14.0, 14.0, 29.0, 6.0, 13.0, 3.0, 22.0, 9.0, 14.0, 19.0, 22.0, 0.0, 1.0, -3.0, 2.0, -1.0, 5.0, 0.0, 0.0, -2.0, 2.0, 2.0, 0.0, -3.0, 5.0, 1.0, -4.0, 0.0, 0.0, 0.0, 1.0, -3.0, 0.0, 1.0, 2.0, 1.0, 1.0, 1.0, 3.0, 1.0, 2.0, 4.0, 5.0, 1.0, 0.0, 2.0, 2.0, 2.0, 3.0, 3.0, 0.0, 0.0, 0.0, 0.0, -2.0, 1.0, 0.0, -3.0, -3.0]
[0.0, 0.0, 27.0, 54.0, 8.0, 14.0, 22.0, 29.0, 6.0, 13.0, 11.0, 22.0, 9.0, 14.0, 19.0, 22.0, 0.0, 1.0, 0.0, 2.0, -1.0, 5.0, 0.0, 0.0, -2.0, 2.0, 2.0, 0.0, -3.0, 5.0, 1.0, -4.0, 0.0, 0.0, 0.0, 1.0, 0.0, 0.0, 1.0, 2.0, 1.0, 1.0, 1.0, 3.0, 1.0, 2.0, 4.0, 5.0, 1.0, 0.0, 2.0, 2.0, 2.0, 3.0, 3.0, 0.0, 0.0, 0.0, 0.0, -2.0, 1.0, 0.0, -3.0, -3.0]
[0.0, 0.0, 27.0, 54.0, 8.0, 14.0, 22.0, 29.0, 6.0, 13.0, 11.0, 22.0, 9.0, 14.0, 19.0, 22.0, 0.0, 1.0, 0.0, 2.0, -1.0, 5.0, 0.0, 0.0, -2.0, 2.0, 2.0, 0.0, -3.0, 5.0, 1.0, -4.0, 0.0, 0.0, 0.0, 1.0, 0.0, 0.0, 1.0, 2.0, 1.0, 1.0, 1.0, 3.0, 1.0, 2.0, 4.0, 5.0, 1.0, 0.0, 2.0, 2.0, 2.0, 3.0, 3.0, 0.0, 0.0, 0.0, 0.0, -2.0, 1.0, 0.0, -3.0, -3.0]
[0.0, 0.0, 27.0, 54.0, 8.0, 14.0, 22.0, 29.0, 6.0, 13.0, 11.0, 22.0, 9.0, 14.0, 19.0, 22.0, 0.0, 1.0, 0.0, 2.0, -1.0, 5.0, 0.0, 0.0, -2.0, 2.0, 2.0, 0.0, -3.0, 5.0, 1.0, -4.0, 0.0, 0.0, 0.0, 1.0, 0.0, 0.0, 1.0, 2.0, 1.0, 1.0, 1.0, 3.0, 1.0, 2.0, 4.0, 5.0, 1.0, 0.0, 2.0, 2.0, 2.0, 3.0, 3.0, 0.0, 0.0, 0.0, 0.0, -2.0, 1.0, 0.0, -3.0, -3.0]
[0.0, 0.0, 20.0, 41.0, 1.0, 9.0, 16.0, 22.0, -31.0, 4.0, -17.0, 7.0, 9.0, 14.0, 19.0, 22.0, -7.0, 0.0, -3.0, 3.0, -2.0, 3.0, -1.0, 4.0, -2.0, 2.0, 2.0, 0.0, -3.0, 5.0, 1.0, -4.0, -3.0, -3.0, -3.0, -2.0, -3.0, -3.0, -4.0, -4.0, -8.0, -7.0, -1.0, 3.0, -5.0, -3.0, 4.0, 1.0, 1.0, 0.0, 2.0, 2.0, 2.0, 3.0, 3.0, 0.0, 0.0, 0.0, 0.0, -2.0, 1.0, 0.0, -3.0, -3.0]
[0.0, 0.0, 26.0, 54.0, 7.0, 14.0, 22.0, 29.0, 5.0, 13.0, 11.0, 22.0, 9.0, 14.0, 19.0, 22.0, -1.0, 1.0, 0.0, 2.0, -1.0, 5.0, 0.0, 0.0, -2.0, 2.0, 2.0, 0.0, -3.0, 5.0, 1.0, -4.0, -1.0, 0.0, 0.0, 1.0, 0.0, 0.0, 1.0, 2.0, 1.0, 1.0, 1.0, 3.0, 1.0, 2.0, 4.0, 5.0, 1.0, 0.0, 2.0, 2.0, 2.0, 3.0, 3.0, 0.0, 0.0, 0.0, 0.0, -2.0, 1.0, 0.0, -3.0, -3.0]
[0.0, 0.0, 23.0, 54.0, 4.0, 14.0, 22.0, 29.0, 2.0, 13.0, 11.0, 22.0, 9.0, 14.0, 19.0, 22.0, -4.0, 1.0, 0.0, 2.0, -1.0, 5.0, 0.0, 0.0, -2.0, 2.0, 2.0, 0.0, -3.0, 5.0, 1.0, -4.0, -3.0, 0.0, 0.0, 1.0, 0.0, 0.0, 1.0, 2.0, 1.0, 1.0, 1.0, 3.0, 1.0, 2.0, 4.0, 5.0, 1.0, 0.0, 2.0, 2.0, 2.0, 3.0, 3.0, 0.0, 0.0, 0.0, 0.0, -2.0, 1.0, 0.0, -3.0, -3.0]
[0.0, 0.0, -13.0, 50.0, 10.0, 14.0, 20.0, 29.0, -24.0, -1.0, 7.0, 22.0, 9.0, 14.0, 19.0, 22.0, -2.0, 2.0, -3.0, 2.0, -3.0, -2.0, -1.0, 0.0, -2.0, 2.0, 2.0, 0.0, -3.0, 5.0, 1.0, -4.0, -3.0, -3.0, -3.0, -3.0, -3.0, 0.0, 1.0, 2.0, -8.0, -6.0, -6.0, 3.0, 0.0, 2.0, 4.0, 5.0, 1.0, 0.0, 2.0, 2.0, 2.0, 3.0, 3.0, 0.0, 0.0, 0.0, 0.0, -2.0, 1.0, 0.0, -3.0, -3.0]
