[1.0, 0.98019063, 0.0, 0.0, 0.0, 3.9319275e-06, 0.0003129443, -2.4517649e-05, 5.173497e-06, -2.9685907e-08, 0.0, 0.0, -6.700575e-07, -6.7212386e-07, -0.0006640926, 0.0004273355, 0.0014399216, -0.00011918694, 1.7078128e-07, -2.968649e-06, -8.643983e-07, 1.21907215e-05, 9.237556e-08, 7.18495e-06, -8.53301e-05, -6.3098123e-06, 7.209368e-06, 0.0, -0.003540041, 1.0842814e-06, -7.2977855e-07, 4.091271e-07, -9.184005e-07, -5.286711e-06, 5.173759e-06, 1.0631047e-06, -0.00011156825, -3.561529e-05, 0.0001694113, 9.5227733e-07, 1.5938189e-05, -1.5815021e-07, -2.820394e-06, 7.520157e-09, 5.7233956e-07, -1.1126976e-06, 2.5883783e-06, 0.0005290401, 0.0, 0.0, 3.0491258e-08]
[0.98019063, 1.0, 0.0, 0.0, 0.0, -1.5720725e-06, -0.00012513995, 9.800307e-06, -2.0693988e-06, 1.1874363e-08, 0.0, 0.0, 2.682209e-07, 2.6868656e-07, 0.0002655983, -0.00017087162, -0.000575833, 4.7673355e-05, -6.845221e-08, 1.1869706e-06, 3.457535e-07, -4.8745424e-06, -3.678724e-08, -2.8735958e-06, 3.412366e-05, 2.5243498e-06, -2.875924e-06, 0.0, 0.18895935, -4.3353066e-07, 2.9150397e-07, -1.6362173e-07, 3.6647543e-07, 2.1150336e-06, -2.0688167e-06, -4.2491592e-07, 4.4614077e-05, 1.4242716e-05, -6.774627e-05, -3.813766e-07, -6.3730404e-06, 6.327173e-08, 1.1278316e-06, -3.074092e-09, -2.28516e-07, 4.451722e-07, -1.0346994e-06, -0.00021156296, 0.0, 0.0, -1.2241806e-08]
[0.0, 0.0, 1.0, 0.0, 0.0, 0.0, 0.0, 0.0, 0.0, 0.0, 0.0, 0.0, 0.0, 0.0, 0.0, 0.0, 0.0, 0.0, 0.0, 0.0, 0.0, 0.0, 0.0, 0.0, 0.0, 0.0, 0.0, 0.0, 0.0, 0.0, 0.0, 0.0, 0.0, 0.0, 0.0, 0.0, 0.0, 0.0, 0.0, 0.0, 0.0, 0.0, 0.0, 0.0, 0.0, 0.0, 0.0, 0.0, 0.0, 0.0, 0.0]
[0.0, 0.0, 0.0, 1.0, 0.0, 0.0, 0.0, 0.0, 0.0, 0.0, 0.0, 0.0, 0.0, 0.0, 0.0, 0.0, 0.0, 0.0, 0.0, 0.0, 0.0, 0.0, 0.0, 0.0, 0.0, 0.0, 0.0, 0.0, 0.0, 0.0, 0.0, 0.0, 0.0, 0.0, 0.0, 0.0, 0.0, 0.0, 0.0, 0.0, 0.0, 0.0, 0.0, 0.0, 0.0, 0.0, 0.0, 0.0, 0.0, 0.0, 0.0]
[0.0, 0.0, 0.0, 0.0, 1.0, 0.0, 0.0, 0.0, 0.0, 0.0, 0.0, 0.0, 0.0, 0.0, 0.0, 0.0, 0.0, 0.0, 0.0, 0.0, 0.0, 0.0, 0.0, 0.0, 0.0, 0.0, 0.0, 0.0, 0.0, 0.0, 0.0, 0.0, 0.0, 0.0, 0.0, 0.0, 0.0, 0.0, 0.0, 0.0, 0.0, 0.0, 0.0, 0.0, 0.0, 0.0, 0.0, 0.0, 0.0, 0.0, 0.0]
[3.9319275e-06, -1.5702099e-06, 0.0, 0.0, 0.0, 1.0, 0.0, 0.16903087, 0.44721368, -7.450581e-09, 0.0, 0.0, 7.450581e-09, 0.0, 7.450581e-09, -1.8626451e-09, -2.6077032e-08, 5.5879354e-09, -1.5832484e-08, 0.0, 1.8626451e-09, 7.450581e-09, 8.381903e-09, -3.7252903e-09, 9.313226e-10, 0.0, 0.0, 0.0, 3.7252903e-08, 7.450581e-09, 0.0, -1.6763806e-08, 1.4901161e-08, 2.2351742e-08, 7.450581e-09, 0.06593805, -7.450581e-09, -3.7252903e-09, -3.7252903e-09, 2.3283064e-09, 0.0, -2.7939677e-09, 0.0, -1.1641532e-10, 0.0, 1.4901161e-08, -1.4901161e-08, -9.313226e-09, 0.0, 0.0, 1.4866828e-09]
[0.0003129436, -0.00012515206, 0.0, 0.0, 0.0, 0.0, 1.0, 0.07412496, -2.2351742e-08, -2.3283064e-10, 0.0, 0.0, 3.7252903e-09, 0.0, 6.1281025e-07, -3.9674342e-07, -1.3168901e-06, 1.0617077e-07, -2.3283064e-10, 4.656613e-09, -5.5879354e-09, 7.450581e-09, 4.656613e-10, -7.450581e-09, 0.11322782, 7.450581e-09, 0.0, 0.0, 0.07161604, -2.7939677e-09, -3.7252903e-09, 0.0, 1.8626451e-09, 0.0, -4.656613e-09, -9.313226e-10, 0.12403488, 3.5390258e-08, -1.534354e-07, -1.1641532e-09, -1.4901161e-08, 4.0745363e-10, 3.7252903e-09, -5.820766e-11, -1.5133992e-09, -1.8626451e-09, 0.0, -4.8428774e-07, 0.0, 0.0, 1.3216095e-11]
[-2.4517532e-05, 9.803101e-06, 0.0, 0.0, 0.0, 0.16903085, 0.07412493, 0.99999994, 0.18898228, 1.3038516e-08, 0.0, 0.0, -7.450581e-09, 0.0, -5.029142e-08, 3.3527613e-08, 9.9418685e-08, -8.381903e-09, -3.7252903e-09, -9.313226e-10, -3.7252903e-09, 7.450581e-09, -1.8626451e-09, 7.450581e-09, -7.450581e-09, 2.7939677e-09, 0.13363066, 0.0, -2.5890768e-07, 3.7252903e-09, -1.4901161e-08, -1.8626451e-08, -1.4901161e-08, 0.0, 0.0, 0.0, -3.7252903e-09, 3.7252903e-09, 1.1641532e-08, 2.7939677e-09, 0.0, 0.0, -7.450581e-09, -2.3283064e-10, 8.1490725e-10, -1.1175871e-08, 0.06299403, 3.4458935e-08, 0.0, 0.0, -1.6029844e-10]
[5.173497e-06, -2.0712614e-06, 0.0, 0.0, 0.0, 0.44721368, -2.2351742e-08, 0.18898225, 1.0, 2.2351742e-08, 0.0, 0.0, -1.8626451e-08, -7.450581e-09, 1.1175871e-08, -1.8626451e-09, -1.4901161e-08, 2.3283064e-09, 1.7695129e-08, 0.0, -7.450581e-09, 1.8626451e-09, 2.0489097e-08, -1.1175871e-08, -1.8626451e-09, -3.7252903e-09, -1.4901161e-08, 0.0, 7.4505806e-08, 0.0, -7.450581e-09, -4.656613e-09, 0.0, 0.0, -9.313226e-10, -7.450581e-09, -3.7252903e-09, 1.4901161e-08, -3.7252903e-09, -7.450581e-09, -1.4901161e-08, 1.8626451e-09, 0.0, 8.731149e-11, 0.0, 7.450581e-09, 0.16666664, -8.381903e-09, 0.0, 0.0, -2.20507e-09]
[-2.986053e-08, 1.1990778e-08, 0.0, 0.0, 0.0, -1.4901161e-08, 1.2805685e-09, 5.5879354e-09, 2.2351742e-08, 1.0, 0.0, 0.0, 1.4901161e-08, 7.450581e-09, -2.4447218e-09, -2.3283064e-10, 1.8626451e-09, 0.0, -2.8871e-08, -1.1641532e-10, 9.313226e-09, -9.313226e-10, 7.450581e-09, 0.0, -1.3969839e-09, 0.0, -9.313226e-10, 0.0, 3.4924597e-10, -2.2351742e-08, -7.450581e-09, 0.16903086, 0.14142138, 7.450581e-09, 3.7252903e-09, 0.0, -3.7252903e-09, 9.313226e-10, 0.0, 0.20000006, 2.9802322e-08, 7.450581e-09, 1.4901161e-08, 0.0, -9.313226e-10, 0.0, -9.313226e-09, 5.2386895e-10, 0.0, 0.0, 3.0672709e-09]
[0.0, 0.0, 0.0, 0.0, 0.0, 0.0, 0.0, 0.0, 0.0, 0.0, 1.0, 0.0, 0.0, 0.0, 0.0, 0.0, 0.0, 0.0, 0.0, 0.0, 0.0, 0.0, 0.0, 0.0, 0.0, 0.0, 0.0, 0.0, 0.0, 0.0, 0.0, 0.0, 0.0, 0.0, 0.0, 0.0, 0.0, 0.0, 0.0, 0.0, 0.0, 0.0, 0.0, 0.0, 0.0, 0.0, 0.0, 0.0, 0.0, 0.0, 0.0]
[0.0, 0.0, 0.0, 0.0, 0.0, 0.0, 0.0, 0.0, 0.0, 0.0, 0.0, 1.0, 0.0, 0.0, 0.0, 0.0, 0.0, 0.0, 0.0, 0.0, 0.0, 0.0, 0.0, 0.0, 0.0, 0.0, 0.0, 0.0, 0.0, 0.0, 0.0, 0.0, 0.0, 0.0, 0.0, 0.0, 0.0, 0.0, 0.0, 0.0, 0.0, 0.0, 0.0, 0.0, 0.0, 0.0, 0.0, 0.0, 0.0, 0.0, 0.0]
[-6.700575e-07, 2.6775524e-07, 0.0, 0.0, 0.0, 0.0, 5.5879354e-09, 7.450581e-09, -1.4901161e-08, 2.9802322e-08, 0.0, 0.0, 1.0, 0.29814243, -1.4551915e-09, 6.9849193e-10, 1.8626451e-09, -4.656613e-10, 0.0, -2.3283064e-10, -2.9802322e-08, 0.0, 1.1175871e-08, -9.313226e-10, -1.8626451e-09, -4.656613e-10, 3.7252903e-09, 0.0, -7.450581e-09, 9.313226e-09, -7.450581e-09, -7.450581e-09, 1.1175871e-08, 3.7252903e-09, 3.7252903e-09, 1.1175871e-08, 3.7252903e-09, -1.8626451e-09, 0.0, -7.450581e-09, 3.7252903e-09, 0.0, 0.0, 1.1641532e-10, 1.8626451e-09, -1.8626451e-09, 0.105409235, 1.6298145e-09, 0.0, 0.0, -4.0519126e-09]
[-6.7212386e-07, 2.6868656e-07, 0.0, 0.0, 0.0, -7.450581e-09, 0.0, 1.4901161e-08, -1.1175871e-08, 7.450581e-09, 0.0, 0.0, 0.29814243, 1.0, -4.656613e-10, 1.7462298e-09, 5.5879354e-09, 4.656613e-10, 0.14907117, -4.656613e-10, 0.1490712, 0.0, 0.0, 1.8626451e-09, -9.313226e-10, -2.7939677e-09, 0.0, 0.0, -1.1175871e-08, 0.0, -1.4901161e-08, 0.0, 0.0, 3.7252903e-09, 1.8626451e-09, -9.313226e-09, 8.381903e-09, -5.5879354e-09, 2.3283064e-10, 1.8626451e-09, 0.0, -3.7252903e-09, -2.9802322e-08, 0.0, 0.0, -9.313226e-09, 0.15713486, 0.0, 0.0, 0.0, 9.777068e-10]
[-0.00066411495, 0.0002655834, 0.0, 0.0, 0.0, 7.450581e-09, 6.053597e-07, -5.2154064e-08, 1.1175871e-08, -1.1641532e-10, 0.0, 0.0, -1.4551915e-09, -1.7462298e-09, 0.9999999, 0.4629113, 0.26726496, -2.2351742e-07, 0.0, -5.4133125e-09, -1.8626451e-09, 2.188608e-08, 3.7252903e-09, 1.2340024e-08, -1.6321428e-07, -1.2340024e-08, 1.3969839e-08, 0.0, -6.824732e-06, 2.7939677e-09, -3.7252903e-09, 0.0, -1.8626451e-09, -9.778887e-09, 1.0244548e-08, 1.3969839e-09, -2.1513551e-07, -6.926712e-08, 0.1690313, 1.8626451e-09, 3.3527613e-08, -9.313226e-10, -4.656613e-09, 2.910383e-11, 1.5133992e-09, -1.8626451e-09, 4.656613e-09, 1.0281801e-06, 0.0, 0.0, -2.8128966e-10]
[0.00042734295, -0.00017087162, 0.0, 0.0, 0.0, -1.8626451e-09, -3.9488077e-07, 2.9802322e-08, -5.5879354e-09, 2.3283064e-10, 0.0, 0.0, 1.0477379e-09, 6.9849193e-10, 0.4629113, 1.0, -1.7434359e-06, 0.30860695, 0.0, 4.5401976e-09, 1.0477379e-09, -1.5366822e-08, 6.9849193e-10, -6.0535967e-09, 1.0523945e-07, 7.683411e-09, -7.916242e-09, 0.0, 4.3809414e-06, 0.0, 1.8626451e-09, 0.0, 5.5879354e-09, 7.21775e-09, -6.170012e-09, -1.2805685e-09, 1.3783574e-07, 4.4703484e-08, -1.7881393e-07, -1.8626451e-09, -1.9557774e-08, 9.313226e-10, 5.355105e-09, -2.910383e-11, -1.2805685e-09, 9.313226e-10, -2.3283064e-09, -6.556511e-07, 0.0, 0.0, 9.4726005e-11]
[0.0014399253, -0.000575833, 0.0, 0.0, 0.0, -2.6077032e-08, -1.3075769e-06, 9.5460564e-08, -1.4901161e-08, 1.8626451e-09, 0.0, 0.0, 1.8626451e-09, 3.7252903e-09, 0.26726496, -1.7434359e-06, 1.0, 4.7683716e-07, 9.313226e-10, 1.3271347e-08, 3.259629e-09, -5.122274e-08, 0.0, -3.0733645e-08, 3.6135316e-07, 2.7939677e-08, -2.9802322e-08, 0.0, 0.18259285, -4.3655746e-09, -1.8626451e-09, -1.9790605e-09, 5.5879354e-09, 2.3283064e-08, -2.142042e-08, -1.1175871e-08, 4.6379864e-07, 0.07216915, -7.301569e-07, 3.7252903e-09, -6.891787e-08, -4.656613e-10, 7.450581e-09, -7.2759576e-11, -3.3760443e-09, 5.5879354e-09, -1.4901161e-08, -2.2239983e-06, 0.0, 0.0, 7.3200823e-10]
[-0.000119198114, 4.7665904e-05, 0.0, 0.0, 0.0, 5.5879354e-09, 1.0617077e-07, -7.450581e-09, 1.8626451e-09, 0.0, 0.0, 0.0, 0.0, -9.313226e-10, -2.3841858e-07, 0.30860692, 4.7683716e-07, 1.0, 3.7252903e-09, -1.3969839e-09, -3.0559022e-10, 4.1909516e-09, 1.8626451e-09, 1.3969839e-09, -3.306195e-08, -1.8044375e-09, 3.0267984e-09, 0.0, -1.2367964e-06, 5.820766e-10, -1.8626451e-09, 9.313226e-10, -9.313226e-10, -1.6298145e-09, 1.2805685e-09, 3.4924597e-10, -3.678724e-08, -1.1175871e-08, 3.7252903e-08, 0.0, 6.519258e-09, -1.3969839e-09, 1.8626451e-09, -1.5279511e-10, -4.656613e-10, 0.0, 9.313226e-10, 1.7229468e-07, 0.0, 0.0, -2.3335112e-10]
[1.7078128e-07, -6.845221e-08, 0.0, 0.0, 0.0, 6.519258e-09, -4.656613e-10, 3.7252903e-09, 2.3283064e-09, 0.0, 0.0, 0.0, 0.0, 0.14907119, -1.8626451e-09, 0.0, 0.0, 0.0, 1.0, 0.0, 7.450581e-09, 0.0, 0.16903087, 1.8626451e-09, 0.0, 1.1641532e-10, -5.5879354e-09, 0.0, 2.7939677e-09, 7.450581e-09, 1.4901161e-08, -1.4901161e-08, -7.450581e-09, -2.7939677e-09, -4.656613e-09, -2.3283064e-10, 5.5879354e-09, 5.820766e-10, 1.8626451e-09, 5.5879354e-09, -1.1175871e-08, -2.9802322e-08, -1.8626451e-08, -5.820766e-10, 0.0, -9.313226e-10, -2.3283064e-09, -3.783498e-10, 0.0, 0.0, 6.559148e-09]
[-2.9686635e-06, 1.1871743e-06, 0.0, 0.0, 0.0, 9.313226e-10, 4.656613e-09, -9.313226e-10, 1.8626451e-09, -3.4924597e-10, 0.0, 0.0, -9.313226e-10, -4.656613e-10, -5.2386895e-09, 4.5401976e-09, 1.2340024e-08, -9.313226e-10, 0.0, 1.0, -1.1641532e-10, -2.514571e-08, 4.656613e-10, 0.17677669, 3.4924597e-08, -6.9849193e-10, 0.0, 0.0, -3.015157e-08, -1.1641532e-10, -4.656613e-10, 9.313226e-10, 9.313226e-10, 4.656613e-10, 1.1641532e-09, 1.1641532e-10, -8.1490725e-09, -3.2014214e-10, 1.5279511e-09, 0.0, -4.656613e-10, -2.3283064e-10, 9.313226e-10, -1.4551915e-11, 0.2236068, 4.656613e-10, 0.0, 5.122274e-09, 0.0, 0.0, 9.9502184e-11]
[-8.6435466e-07, 3.4598634e-07, 0.0, 0.0, 0.0, 0.0, 0.0, 1.1175871e-08, 7.450581e-09, 9.313226e-09, 0.0, 0.0, -2.9802322e-08, 0.14907119, -1.1641532e-09, 1.2805685e-09, 3.259629e-09, -2.4738256e-10, 2.2351742e-08, -5.820766e-11, 1.0, -9.313226e-10, -9.313226e-10, 5.529728e-10, 8.1490725e-10, -9.313226e-10, 0.0, 0.0, -9.313226e-09, 2.7939677e-09, -7.450581e-09, 0.0, 3.7252903e-09, 1.3969839e-09, 2.3283064e-10, -1.3969839e-09, 9.313226e-10, 1.8626451e-09, 1.1641532e-10, -1.8626451e-09, 1.8626451e-09, -3.7252903e-09, -1.8626451e-09, -5.820766e-11, 4.656613e-10, 4.656613e-10, 0.10540925, 1.3969839e-09, 0.0, 0.0, -4.7336925e-09]
[1.2190663e-05, -4.875008e-06, 0.0, 0.0, 0.0, 7.450581e-09, 7.450581e-09, 3.7252903e-09, 5.5879354e-09, 0.0, 0.0, 0.0, 0.0, -9.313226e-10, 2.3341272e-08, -1.5366822e-08, -5.122274e-08, 4.656613e-09, 0.0, -1.7695129e-08, 0.0, 1.0, -1.8626451e-09, 0.28867516, 0.16666663, 0.0, 0.0, 0.0, 1.2619421e-07, 0.0, -2.7939677e-09, 0.0, 0.0, 1.8626451e-09, 3.4924597e-10, 4.656613e-10, 3.1664968e-08, 1.2514647e-09, -6.170012e-09, 0.0, 1.8626451e-09, -2.0372681e-10, 1.8626451e-09, 0.0, 2.4680048e-08, 0.0, -4.656613e-10, -1.7695129e-08, 0.0, 0.0, -5.4028604e-10]
[9.2200935e-08, -3.7252903e-08, 0.0, 0.0, 0.0, 2.7939677e-09, 1.6298145e-09, 0.0, 2.7008355e-08, -2.2351742e-08, 0.0, 0.0, -7.450581e-09, 7.450581e-09, 1.8626451e-09, 4.656613e-10, -1.8626451e-09, -1.8626451e-09, 0.16903087, 4.656613e-10, -8.381903e-09, -3.7252903e-09, 0.9999999, 1.8626451e-09, 1.8626451e-09, 4.656613e-10, 9.313226e-10, 0.0, 9.313226e-10, 7.450581e-09, 0.13363063, 0.0, 0.0, -1.8626451e-09, -5.5879354e-09, 6.9849193e-10, -3.259629e-09, 8.731149e-11, 0.0, -3.3527613e-08, -1.4901161e-08, -1.4901161e-08, -2.9802322e-08, 0.04724556, -9.313226e-10, 1.8626451e-09, -1.3969839e-09, -3.4924597e-10, 0.0, 0.0, 6.3411107e-09]
[7.1851246e-06, -2.8735958e-06, 0.0, 0.0, 0.0, 3.7252903e-09, -7.450581e-09, 7.450581e-09, -3.7252903e-09, -9.313226e-10, 0.0, 0.0, -9.313226e-10, 1.8626451e-09, 1.3271347e-08, -5.122274e-09, -2.8871e-08, 3.259629e-09, 1.8626451e-09, 0.17677666, -2.6193447e-10, 0.28867522, 0.0, 1.0, 0.14433755, -4.656613e-10, -1.8626451e-09, 0.0, 7.543713e-08, -1.1641532e-09, 3.7252903e-09, 9.313226e-10, 2.7939677e-09, 0.0, -2.3283064e-10, 3.4924597e-10, -3.7252903e-09, 8.1490725e-10, -3.6379788e-09, -9.313226e-10, -1.8626451e-09, 0.0, 1.8626451e-09, 2.910383e-11, 1.0826625e-08, 1.8626451e-09, 9.313226e-10, -7.450581e-09, 0.0, 0.0, 7.895906e-13]
[-8.5329986e-05, 3.412459e-05, 0.0, 0.0, 0.0, 3.259629e-09, 0.113227814, -7.450581e-09, -1.8626451e-09, -1.3969839e-09, 0.0, 0.0, -1.8626451e-09, -9.313226e-10, -1.5995465e-07, 1.07102096e-07, 3.632158e-07, -3.0733645e-08, 0.0, 5.122274e-09, 5.820766e-10, 0.16666666, 2.7939677e-09, 0.14433753, 1.0, -2.7939677e-09, 4.656613e-09, 0.0, -8.819625e-07, -5.820766e-10, 1.8626451e-09, 0.0, 0.0, -1.8626451e-09, 9.313226e-10, 5.820766e-10, -2.9802322e-08, -8.96398e-09, 4.17931e-08, -9.313226e-10, 7.450581e-09, 0.0, 0.0, 5.4569682e-11, 2.6775524e-09, -9.313226e-10, 0.0, 1.2945384e-07, 0.0, 0.0, 1.3277202e-10]
[-6.3098705e-06, 2.5252812e-06, 0.0, 0.0, 0.0, -7.450581e-09, 6.519258e-09, -9.313226e-10, -7.450581e-09, 4.656613e-10, 0.0, 0.0, -9.313226e-10, -2.7939677e-09, -1.1990778e-08, 8.1490725e-09, 2.7008355e-08, -1.8044375e-09, 0.0, -2.3283064e-10, -1.8626451e-09, -1.8626451e-09, -2.3283064e-10, -4.656613e-10, -2.3283064e-09, 1.0000001, 0.14433753, 0.0, -6.3329935e-08, 1.3969839e-09, -4.656613e-09, 9.313226e-10, -4.656613e-10, 1.8626451e-09, 0.0, 1.8626451e-09, -3.7252903e-09, 4.656613e-10, 3.085006e-09, -4.656613e-10, 0.0, 2.3283064e-10, -9.313226e-10, 2.910383e-11, -5.2386895e-10, -1.8626451e-09, 3.7252903e-09, 1.0244548e-08, 0.0, 0.0, -2.237357e-10]
[7.209368e-06, -2.8721988e-06, 0.0, 0.0, 0.0, 0.0, 7.450581e-09, 0.1336306, -1.4901161e-08, 9.313226e-10, 0.0, 0.0, 3.7252903e-09, 0.0, 1.3038516e-08, -7.916242e-09, -2.9802322e-08, 2.7939677e-09, -2.7939677e-09, 0.0, -1.4901161e-08, 0.0, 2.7939677e-09, -1.8626451e-09, 4.656613e-09, 0.14433753, 1.0, 0.0, 7.4505806e-08, 1.8626451e-09, -1.1175871e-08, -3.7252903e-09, 0.07905694, 0.1118034, 1.8626451e-09, 1.4901161e-08, 0.11180341, 7.450581e-09, -3.8417056e-09, -2.7939677e-09, -9.313226e-09, 4.656613e-10, 0.0, 2.3283064e-10, 5.820766e-10, 0.08333331, 0.05892554, -1.1175871e-08, 0.0, 0.0, -1.5006663e-10]
[0.0, 0.0, 0.0, 0.0, 0.0, 0.0, 0.0, 0.0, 0.0, 0.0, 0.0, 0.0, 0.0, 0.0, 0.0, 0.0, 0.0, 0.0, 0.0, 0.0, 0.0, 0.0, 0.0, 0.0, 0.0, 0.0, 0.0, 1.0, 0.0, 0.0, 0.0, 0.0, 0.0, 0.0, 0.0, 0.0, 0.0, 0.0, 0.0, 0.0, 0.0, 0.0, 0.0, 0.0, 0.0, 0.0, 0.0, 0.0, 0.0, 0.0, 0.0]
[-0.0035400372, 0.18895933, 0.0, 0.0, 0.0, 4.4703484e-08, 0.07161606, -2.6635826e-07, 7.4505806e-08, 2.3283064e-10, 0.0, 0.0, -7.450581e-09, -1.3038516e-08, -6.8321824e-06, 4.403293e-06, 0.18259282, -1.2218952e-06, 1.3969839e-09, -3.0035153e-08, -9.313226e-09, 1.2665987e-07, 1.3969839e-09, 7.357448e-08, -8.8103116e-07, -6.3329935e-08, 7.4505806e-08, 0.0, 0.9999999, 1.0244548e-08, -5.5879354e-09, 4.4237822e-09, -7.450581e-09, -5.2154064e-08, 5.448237e-08, 1.1175871e-08, -1.1473894e-06, -3.669411e-07, 1.7406419e-06, 8.8475645e-09, 1.6670674e-07, -1.542503e-09, -2.7939677e-08, 0.0, 5.7043508e-09, -1.1175871e-08, 3.7252903e-08, 0.08607331, 0.0, 0.0, 2.5796076e-10]
[1.0843105e-06, -4.3364707e-07, 0.0, 0.0, 0.0, 7.450581e-09, -2.7939677e-09, 3.7252903e-09, 7.450581e-09, 3.7252903e-09, 0.0, 0.0, 1.6763806e-08, 1.4901161e-08, 2.7939677e-09, 0.0, -4.5401976e-09, -1.1641532e-10, 7.450581e-09, -1.1641532e-10, 2.7939677e-09, 0.0, 7.450581e-09, -1.6298145e-09, 3.4924597e-10, 9.313226e-10, 1.8626451e-09, 0.0, 1.0244548e-08, 1.0, 0.1767767, 0.18898223, -1.4901161e-08, -2.2351742e-08, -7.450581e-09, 2.3283064e-10, 3.7252903e-09, -2.3283064e-10, -9.313226e-10, 0.0, -1.4901161e-08, 1.4901161e-08, 0.20412412, 0.0, 9.313226e-10, 1.4901161e-08, -6.519258e-09, -1.7462298e-09, 0.0, 0.0, -8.21808e-09]
[-7.2977855e-07, 2.910383e-07, 0.0, 0.0, 0.0, -7.450581e-09, 3.7252903e-09, 0.0, 9.313226e-09, -1.4901161e-08, 0.0, 0.0, 0.0, 1.4901161e-08, 0.0, 1.8626451e-09, 0.0, 1.8626451e-09, 1.4901161e-08, -6.9849193e-10, 0.0, -2.7939677e-09, 0.13363063, 3.7252903e-09, 1.6298145e-09, -3.7252903e-09, -3.7252903e-09, 0.0, -3.7252903e-09, 0.1767767, 1.0, 0.13363057, 0.11180343, 7.450581e-09, 0.0, 3.7252903e-09, 0.0, -3.7252903e-09, 5.5879354e-09, -3.7252903e-08, -2.9802322e-08, -1.1175871e-08, 0.14433758, 0.08838835, -1.1641532e-10, -3.7252903e-09, 0.16666669, 1.3969839e-09, 0.0, 0.0, 1.07356755e-08]
[4.0919986e-07, -1.6362173e-07, 0.0, 0.0, 0.0, -1.6763806e-08, 9.313226e-10, -1.4901161e-08, 6.519258e-09, 0.16903085, 0.0, 0.0, -1.4901161e-08, 0.0, 0.0, -9.313226e-10, -2.2118911e-09, 9.313226e-10, -1.4901161e-08, 4.656613e-10, 0.0, 0.0, -2.9802322e-08, 9.313226e-10, 0.0, 1.8626451e-09, -3.7252903e-09, 0.0, 4.1909516e-09, 0.18898225, 0.13363057, 1.0, 2.9802322e-08, 3.7252903e-09, -3.7252903e-09, 0.0, -1.8626451e-09, 1.6298145e-09, -9.313226e-10, -3.7252903e-09, 0.0, 0.18898219, 0.15430336, -4.656613e-10, 1.6007107e-10, -7.450581e-09, 7.450581e-09, -1.1641532e-09, 0.0, 0.0, 2.4203928e-09]
[-9.184587e-07, 3.669411e-07, 0.0, 0.0, 0.0, 0.0, 1.8626451e-09, -2.2351742e-08, 7.450581e-09, 0.14142135, 0.0, 0.0, -3.7252903e-09, 0.0, 0.0, 3.7252903e-09, 5.5879354e-09, -9.313226e-10, 0.0, 6.9849193e-10, -9.313226e-10, -9.313226e-10, 0.0, 1.8626451e-09, -4.656613e-10, -2.3283064e-09, 0.07905695, 0.0, -1.1175871e-08, -1.4901161e-08, 0.11180343, 2.9802322e-08, 1.0, 0.14142135, 7.450581e-09, 3.7252903e-09, 9.313226e-10, 1.8626451e-09, 1.8626451e-09, 0.14142133, 3.7252903e-09, 0.0, 0.0, -2.3283064e-10, 0.0, -1.4901161e-08, 0.07453563, 2.7939677e-09, 0.0, 0.0, 5.6097633e-09]
[-5.286711e-06, 2.1154992e-06, 0.0, 0.0, 0.0, 1.4901161e-08, 1.8626451e-09, -1.1175871e-08, 3.7252903e-09, 2.2351742e-08, 0.0, 0.0, -7.450581e-09, -3.7252903e-09, -9.778887e-09, 6.0535967e-09, 2.3283064e-08, -9.313226e-10, -1.3969839e-09, 4.656613e-10, -1.3969839e-09, 0.0, -3.7252903e-09, 4.656613e-10, -1.8626451e-09, 0.0, 0.1118034, 0.0, -5.2154064e-08, -1.4901161e-08, 7.450581e-09, 7.450581e-09, 0.14142138, 0.99999994, 0.51639783, 0.0, -7.450581e-09, 0.0, 2.73576e-09, -3.7252903e-09, 3.7252903e-09, 3.7252903e-09, 1.4901161e-08, -1.1641532e-10, -2.3283064e-10, -3.7252903e-09, 0.10540926, 8.381903e-09, 0.0, 0.0, -1.0419171e-08]
[5.1737297e-06, -2.0688167e-06, 0.0, 0.0, 0.0, 0.0, -5.122274e-09, -9.313226e-10, 3.7252903e-09, -7.450581e-09, 0.0, 0.0, 0.0, 0.0, 9.895302e-09, -6.7520887e-09, -2.142042e-08, 1.5133992e-09, 1.8626451e-09, 6.9849193e-10, -9.313226e-10, 1.1641532e-10, -1.8626451e-09, 2.3283064e-10, 9.313226e-10, 9.313226e-10, 0.0, 0.0, 5.401671e-08, -7.450581e-09, -7.450581e-09, 3.7252903e-09, 1.4901161e-08, 0.5163979, 1.0, 4.656613e-10, -3.7252903e-09, -6.9849193e-10, -2.561137e-09, -7.450581e-09, 7.450581e-09, -3.7252903e-09, 0.0, 0.0, -1.8626451e-09, 0.0, -1.8626451e-09, -7.683411e-09, 0.0, 0.0, 1.1059456e-09]
[1.0631338e-06, -4.2491592e-07, 0.0, 0.0, 0.0, 0.065938056, -9.313226e-10, 1.1175871e-08, -7.450581e-09, 9.313226e-10, 0.0, 0.0, 9.313226e-09, -4.656613e-09, 1.6298145e-09, -1.3969839e-09, -1.4901161e-08, 1.1641532e-10, 2.3283064e-10, 8.731149e-11, 3.259629e-09, 4.656613e-10, 2.3283064e-10, 1.1641532e-10, -1.1641532e-10, 9.313226e-10, 1.4901161e-08, 0.0, 1.21071935e-08, -2.3283064e-10, 6.519258e-09, -4.656613e-10, 3.7252903e-09, 0.0, 4.656613e-10, 1.0, 2.7939677e-09, 0.042562813, -5.675247e-10, 0.0, 0.093250476, -2.3283064e-10, 6.9849193e-10, -1.4551915e-10, 5.820766e-11, 9.313226e-10, 0.0491473, -1.3969839e-09, 0.0, 0.0, -8.763976e-10]
[-0.00011156825, 4.4615008e-05, 0.0, 0.0, 0.0, 0.0, 0.12403485, -1.1175871e-08, -2.7939677e-09, -3.7252903e-09, 0.0, 0.0, 5.5879354e-09, 2.7939677e-09, -2.1280721e-07, 1.3783574e-07, 4.6752393e-07, -3.8649887e-08, 7.450581e-09, -8.1490725e-09, -1.8626451e-09, 3.1664968e-08, 9.313226e-10, 0.0, -2.2351742e-08, 0.0, 0.11180341, 0.0, -1.1399388e-06, 1.8626451e-09, -9.313226e-10, -1.8626451e-09, 0.0, -7.450581e-09, 0.0, 2.7939677e-09, 1.0, -1.14087015e-08, 5.3085387e-08, -1.8626451e-09, 3.7252903e-09, 2.3283064e-10, 0.0, -1.4551915e-11, 1.14087015e-08, -3.7252903e-09, -3.7252903e-09, 1.7089769e-07, 0.0, 0.0, 1.8189894e-12]
[-3.5615405e-05, 1.42436475e-05, 0.0, 0.0, 0.0, -3.7252903e-09, 3.259629e-08, 1.8626451e-09, 7.450581e-09, 4.656613e-10, 0.0, 0.0, -7.450581e-09, -7.450581e-09, -6.926712e-08, 4.377216e-08, 0.07216915, -1.1175871e-08, -4.656613e-10, -3.4924597e-10, 9.313226e-10, 1.2514647e-09, -2.910383e-11, 6.9849193e-10, -8.96398e-09, 4.656613e-10, 3.7252903e-09, 0.0, -3.632158e-07, -2.3283064e-10, -5.5879354e-09, 4.656613e-10, 3.7252903e-09, 0.0, -4.656613e-10, 0.042562813, -1.2572855e-08, 1.0, 1.792796e-08, -1.1641532e-09, 0.09128711, 1.1641532e-10, -9.313226e-10, -1.1641532e-10, 5.820766e-11, -4.656613e-10, 0.048112497, 5.5180863e-08, 0.0, 0.0, -5.85203e-11]
[0.00016941503, -6.774627e-05, 0.0, 0.0, 0.0, -3.259629e-09, -1.5296973e-07, 1.1175871e-08, -2.7939677e-09, 0.0, 0.0, 0.0, 4.656613e-10, 2.3283064e-10, 0.1690313, -1.937151e-07, -7.227063e-07, 6.7055225e-08, 0.0, 1.0768417e-09, 3.4924597e-10, -5.9371814e-09, 0.0, -3.6670826e-09, 4.2258762e-08, 2.9976945e-09, -3.7252903e-09, 0.0, 1.7369166e-06, -4.656613e-10, 3.7252903e-09, -9.313226e-10, 9.313226e-10, 2.8521754e-09, -2.3283064e-09, -5.0931703e-10, 5.4948032e-08, 1.7695129e-08, 0.9999999, 0.0, -8.381903e-09, 0.0, 5.5879354e-09, 2.910383e-11, -6.4028427e-10, 6.9849193e-10, -1.3969839e-09, -2.5704503e-07, 0.0, 0.0, -6.77975e-10]
[9.521609e-07, -3.813766e-07, 0.0, 0.0, 0.0, -2.3283064e-09, -6.9849193e-10, 2.7939677e-09, 0.0, 0.20000002, 0.0, 0.0, -1.4901161e-08, 1.8626451e-09, -9.313226e-10, -1.3969839e-09, 3.7252903e-09, -3.7252903e-09, -5.5879354e-09, 2.3283064e-10, 0.0, -1.8626451e-09, -3.3527613e-08, -6.9849193e-10, -4.656613e-10, 0.0, -3.7252903e-09, 0.0, 8.614734e-09, 0.0, -2.9802322e-08, -1.4901161e-08, 0.14142132, 1.3038516e-08, 1.8626451e-08, 2.3283064e-10, 1.8626451e-09, 4.656613e-10, -1.8626451e-09, 1.0000001, -7.450581e-09, 0.0, 0.18257417, 2.910383e-11, -2.910383e-11, 0.0, 6.519258e-09, -1.6298145e-09, 0.0, 0.0, -1.9882009e-08]
[1.5938305e-05, -6.3730404e-06, 0.0, 0.0, 0.0, 0.0, -1.4901161e-08, 0.0, -2.2351742e-08, -1.4901161e-08, 0.0, 0.0, 2.2351742e-08, -7.450581e-09, 3.0733645e-08, -2.0489097e-08, -6.7055225e-08, 5.5879354e-09, -2.6077032e-08, -4.656613e-10, 0.0, 1.8626451e-09, -7.450581e-09, 0.0, 7.450581e-09, -9.313226e-10, -9.313226e-09, 0.0, 1.6670674e-07, 1.4901161e-08, -5.9604645e-08, -2.2351742e-08, 3.7252903e-09, -3.7252903e-09, -7.450581e-09, 0.093250476, 5.122274e-09, 0.09128711, -9.313226e-09, 1.4901161e-08, 1.0, 1.4901161e-08, 0.1825742, 4.656613e-10, 9.313226e-10, -9.313226e-10, 0.10540925, -2.4680048e-08, 0.0, 0.0, 4.4992703e-09]
[-1.5815021e-07, 6.327173e-08, 0.0, 0.0, 0.0, -9.313226e-10, 4.0745363e-10, -9.313226e-10, 5.5879354e-09, 1.4901161e-08, 0.0, 0.0, 0.0, 3.7252903e-09, -4.656613e-10, 1.3969839e-09, -4.656613e-10, 0.0, -1.4901161e-08, -2.3283064e-10, 0.0, -2.3283064e-10, -1.4901161e-08, 4.656613e-10, 0.0, 6.9849193e-10, 4.656613e-10, 0.0, -1.6589183e-09, 1.4901161e-08, -1.8626451e-08, 0.18898219, 0.0, 3.7252903e-09, -3.7252903e-09, -2.3283064e-10, 4.656613e-10, 2.3283064e-10, 9.313226e-10, 0.0, 2.2351742e-08, 1.0, 0.0, 5.820766e-11, 1.1641532e-10, -1.8626451e-09, 0.0, 5.820766e-11, 0.0, 0.0, 0.22360678]
[-2.8207432e-06, 1.1278316e-06, 0.0, 0.0, 0.0, 0.0, 3.259629e-09, -7.450581e-09, 0.0, 1.4901161e-08, 0.0, 0.0, -7.450581e-09, -1.4901161e-08, -6.519258e-09, 4.4237822e-09, 1.4901161e-08, -3.7252903e-09, -1.4901161e-08, 4.656613e-10, 0.0, 1.8626451e-09, -1.4901161e-08, 0.0, -1.8626451e-09, -9.313226e-10, -3.7252903e-09, 0.0, -2.8871e-08, 0.20412415, 0.1443376, 0.15430336, -2.9802322e-08, 0.0, 7.450581e-09, 1.3969839e-09, -3.7252903e-09, -1.3969839e-09, 3.7252903e-09, 0.18257418, 0.18257417, 0.0, 1.0, 2.3283064e-10, 0.0, -3.7252903e-09, 0.0, 4.656613e-09, 0.0, 0.0, 4.3125965e-09]
[7.520612e-09, -3.0595402e-09, 0.0, 0.0, 0.0, -5.820766e-11, -5.820766e-11, -2.3283064e-10, -2.910383e-11, 1.1641532e-10, 0.0, 0.0, 1.1641532e-10, -2.3283064e-10, 0.0, -2.910383e-11, -7.2759576e-11, -1.6007107e-10, -8.1490725e-10, -1.4551915e-11, -5.820766e-11, 0.0, 0.04724556, 2.910383e-11, 3.6379788e-11, 2.910383e-11, 2.3283064e-10, 0.0, 0.0, 0.0, 0.08838835, -2.3283064e-10, -2.3283064e-10, 0.0, -5.820766e-11, -1.4551915e-10, -4.3655746e-11, -1.1641532e-10, 2.910383e-11, 8.731149e-11, 2.3283064e-10, 5.820766e-11, 2.3283064e-10, 1.0, -1.8189894e-12, -8.731149e-11, 2.910383e-10, -2.1827873e-11, 0.0, 0.0, 1.031637e-10]
[5.723414e-07, -2.2804306e-07, 0.0, 0.0, 0.0, -9.313226e-10, -1.5133992e-09, 4.656613e-10, 0.0, 0.0, 0.0, 0.0, 2.7939677e-09, -2.3283064e-10, 1.5279511e-09, -7.566996e-10, -3.4924597e-09, 5.820766e-10, -1.8626451e-09, 0.22360682, -2.3283064e-10, -1.6763806e-08, 0.0, 1.1059456e-08, 6.251503e-08, 4.656613e-10, 1.0477379e-09, 0.0, 5.7043508e-09, 0.0, 1.1641532e-10, 2.910383e-11, 1.1641532e-10, -2.3283064e-10, -6.9849193e-10, -1.1641532e-10, 3.4924597e-09, 8.731149e-11, -2.0372681e-10, -6.9849193e-10, 1.8626451e-09, -5.820766e-11, 4.656613e-10, 1.8189894e-12, 1.0, -2.910383e-10, 1.1641532e-10, -9.313226e-10, 0.0, 0.0, -2.8494918e-10]
[-1.1126976e-06, 4.461035e-07, 0.0, 0.0, 0.0, 2.2351742e-08, -1.8626451e-09, -3.3527613e-08, 0.0, 0.0, 0.0, 0.0, 5.5879354e-09, 5.5879354e-09, -1.8626451e-09, 9.313226e-10, 4.656613e-09, 0.0, 9.313226e-10, 4.656613e-10, -4.656613e-10, 0.0, 2.7939677e-09, 1.8626451e-09, -9.313226e-10, -3.7252903e-09, 0.08333331, 0.0, -1.1175871e-08, 1.3969839e-08, 0.0, -1.6763806e-08, 0.0, 0.0, 0.0, 9.313226e-10, -3.7252903e-09, -9.313226e-10, 4.656613e-10, 0.0, -9.313226e-10, -1.8626451e-09, -3.7252903e-09, -8.731149e-11, 5.820766e-11, 1.0000001, 7.450581e-09, 0.0, 0.0, 0.0, 2.7682745e-10]
[2.5883783e-06, -1.0346994e-06, 0.0, 0.0, 0.0, 0.0, 1.4901161e-08, 0.06299406, 0.16666664, -1.8626451e-09, 0.0, 0.0, 0.10540925, 0.15713488, 4.656613e-09, -2.7939677e-09, -1.4901161e-08, 4.656613e-10, -4.656613e-10, -2.910383e-11, 0.10540925, 0.0, 4.656613e-10, 9.313226e-10, 0.0, 3.7252903e-09, 0.05892554, 0.0, 3.7252903e-08, -6.519258e-09, 0.16666667, 5.5879354e-09, 0.074535616, 0.105409265, -2.7939677e-09, 0.049147315, 0.0, 0.04811251, -1.3969839e-09, 1.0244548e-08, 0.10540926, 0.0, -7.450581e-09, 5.2386895e-10, 0.0, 7.450581e-09, 0.9999999, -3.7252903e-09, 0.0, 0.0, -8.371899e-10]
[0.0005290406, -0.0002115611, 0.0, 0.0, 0.0, -7.450581e-09, -4.838221e-07, 3.4458935e-08, -6.519258e-09, 3.4924597e-10, 0.0, 0.0, 1.8626451e-09, -4.656613e-10, 1.0281801e-06, -6.631017e-07, -2.2277236e-06, 1.7043203e-07, -4.947651e-10, 5.122274e-09, 9.313226e-10, -1.9557774e-08, -5.2386895e-10, -9.313226e-09, 1.2852252e-07, 9.313226e-09, -1.1175871e-08, 0.0, 0.08607334, -1.5133992e-09, -9.313226e-10, -9.313226e-10, 2.3283064e-09, 7.916242e-09, -7.799827e-09, -1.7462298e-09, 1.6950071e-07, 5.401671e-08, -2.6077032e-07, -1.6298145e-09, -2.514571e-08, 1.7462298e-10, 4.0745363e-09, -1.4551915e-11, -1.1641532e-09, -1.8626451e-09, -2.7939677e-09, 0.99999994, 0.0, 0.0, 1.9742874e-11]
[0.0, 0.0, 0.0, 0.0, 0.0, 0.0, 0.0, 0.0, 0.0, 0.0, 0.0, 0.0, 0.0, 0.0, 0.0, 0.0, 0.0, 0.0, 0.0, 0.0, 0.0, 0.0, 0.0, 0.0, 0.0, 0.0, 0.0, 0.0, 0.0, 0.0, 0.0, 0.0, 0.0, 0.0, 0.0, 0.0, 0.0, 0.0, 0.0, 0.0, 0.0, 0.0, 0.0, 0.0, 0.0, 0.0, 0.0, 0.0, 1.0, 0.0, 0.0]
[0.0, 0.0, 0.0, 0.0, 0.0, 0.0, 0.0, 0.0, 0.0, 0.0, 0.0, 0.0, 0.0, 0.0, 0.0, 0.0, 0.0, 0.0, 0.0, 0.0, 0.0, 0.0, 0.0, 0.0, 0.0, 0.0, 0.0, 0.0, 0.0, 0.0, 0.0, 0.0, 0.0, 0.0, 0.0, 0.0, 0.0, 0.0, 0.0, 0.0, 0.0, 0.0, 0.0, 0.0, 0.0, 0.0, 0.0, 0.0, 0.0, 1.0, 0.0]
[3.0449883e-08, -1.2194505e-08, 0.0, 0.0, 0.0, 1.8626451e-09, 0.0, 2.3283064e-10, -9.313226e-10, -2.9802322e-08, 0.0, 0.0, 0.0, -1.8626451e-09, 0.0, -2.3283064e-10, 0.0, -4.656613e-10, 1.8626451e-09, 1.1641532e-10, 3.7252903e-09, 4.656613e-10, -1.4901161e-08, -6.548362e-11, -4.656613e-10, 2.3283064e-10, -3.4924597e-10, 0.0, 2.3283064e-10, -7.450581e-09, 7.450581e-09, 1.4901161e-08, 1.0244548e-08, -1.8626451e-08, -3.7252903e-09, -1.1641532e-09, -4.656613e-10, -1.1641532e-10, 6.9849193e-10, -2.2351742e-08, 1.1175871e-08, 0.22360678, 7.450581e-09, 5.820766e-11, 2.764864e-10, -5.820766e-10, 9.313226e-10, 8.731149e-11, 0.0, 0.0, 1.0]
