[0, 28, 25, 23, 23, 29, 25, 33, 26, 25, 21, 28, 27, 22, 30, 26, 37, 27, 38, 38, 63, 33, 41, 26, 53, 27, 48, 23, 23, 33, 32, 25, 25, 37, 24, 25, 24, 24, 25, 26, 42, 49, 25, 25, 33, 25, 23, 65, 25, 32, 23, 26, 30, 23, 22, 30, 25, 21, 26, 25, 25, 27, 20, 28, 25, 46, 25, 31, 27, 22, 22, 22, 24, 25, 21, 25, 24, 30, 25, 23, 23, 23, 23, 23, 27, 24, 23, 24, 24, 25, 24, 24, 25, 25, 25, 23, 19, 25, 25, 25, 25, 27, 38, 25, 26, 26, 24, 29, 24, 27, 21, 25, 32, 29, 25, 31, 25, 30, 24, 25, 25, 22, 26, 24, 19, 30, 35, 25, 42, 25, 32, 25, 23, 23]
[28, 0, 14, 26, 27, 31, 14, 14, 19, 28, 26, 27, 28, 26, 30, 27, 38, 30, 36, 36, 62, 36, 43, 28, 51, 30, 50, 27, 28, 35, 34, 30, 28, 37, 28, 22, 23, 21, 22, 22, 35, 42, 22, 22, 31, 22, 25, 65, 28, 34, 27, 28, 29, 26, 27, 32, 27, 24, 30, 28, 27, 30, 25, 28, 29, 43, 26, 33, 29, 28, 28, 28, 26, 28, 26, 26, 24, 34, 28, 26, 27, 28, 28, 27, 29, 28, 28, 28, 27, 27, 28, 27, 27, 28, 28, 27, 25, 27, 28, 28, 28, 34, 34, 27, 28, 28, 27, 29, 21, 28, 26, 25, 32, 29, 28, 32, 28, 30, 28, 26, 26, 24, 26, 27, 26, 30, 36, 26, 44, 28, 31, 25, 24, 24]
[25, 14, 0, 18, 18, 29, 8, 19, 15, 24, 18, 24, 23, 22, 30, 17, 40, 25, 37, 37, 67, 34, 44, 27, 52, 22, 51, 25, 18, 35, 32, 27, 18, 37, 19, 14, 14, 12, 12, 20, 37, 44, 12, 12, 30, 15, 20, 66, 21, 34, 20, 26, 30, 18, 26, 32, 23, 18, 26, 18, 18, 25, 18, 28, 24, 44, 21, 31, 24, 22, 24, 28, 18, 18, 18, 16, 22, 34, 20, 22, 25, 18, 18, 17, 29, 18, 18, 18, 18, 18, 19, 18, 18, 18, 26, 23, 18, 18, 26, 19, 18, 28, 36, 18, 28, 24, 23, 29, 12, 24, 20, 20, 30, 29, 20, 31, 18, 26, 25, 16, 18, 18, 22, 17, 20, 30, 37, 22, 42, 18, 33, 16, 16, 20]
[23, 26, 18, 0, 14, 23, 22, 34, 27, 25, 18, 24, 25, 19, 28, 19, 40, 26, 38, 38, 63, 32, 43, 27, 54, 26, 51, 22, 14, 37, 32, 26, 18, 38, 21, 17, 18, 17, 18, 26, 45, 49, 18, 18, 36, 19, 21, 68, 18, 27, 2, 26, 30, 21, 25, 34, 25, 18, 27, 16, 18, 25, 18, 28, 24, 46, 21, 33, 26, 24, 26, 30, 18, 17, 16, 18, 21, 28, 20, 20, 24, 15, 16, 15, 26, 15, 16, 16, 16, 16, 16, 17, 17, 16, 23, 24, 16, 17, 24, 19, 18, 31, 40, 15, 26, 24, 22, 28, 18, 26, 18, 22, 32, 31, 18, 30, 18, 30, 25, 17, 18, 18, 26, 16, 18, 28, 33, 25, 41, 17, 31, 18, 22, 24]
[23, 27, 18, 14, 0, 26, 22, 35, 27, 23, 16, 27, 23, 20, 31, 18, 41, 25, 38, 38, 66, 33, 43, 27, 54, 23, 51, 24, 9, 37, 32, 25, 10, 38, 20, 14, 10, 12, 10, 24, 45, 50, 10, 18, 36, 19, 18, 69, 19, 30, 15, 28, 31, 21, 25, 34, 27, 17, 28, 14, 17, 23, 18, 28, 23, 47, 21, 33, 23, 24, 24, 28, 17, 16, 15, 14, 21, 32, 16, 20, 23, 8, 12, 7, 27, 15, 11, 12, 7, 16, 18, 17, 14, 13, 25, 23, 16, 9, 24, 19, 11, 31, 41, 14, 24, 26, 23, 29, 12, 24, 18, 20, 32, 30, 20, 32, 18, 28, 25, 14, 18, 14, 24, 8, 20, 30, 34, 25, 44, 15, 32, 16, 22, 24]
[29, 31, 29, 23, 26, 0, 31, 37, 31, 31, 31, 31, 31, 28, 34, 31, 42, 31, 39, 39, 66, 36, 44, 31, 56, 30, 49, 30, 28, 38, 34, 29, 31, 38, 30, 30, 31, 29, 31, 31, 46, 52, 31, 31, 38, 30, 30, 69, 29, 31, 23, 31, 32, 29, 30, 34, 31, 27, 31, 27, 29, 31, 31, 31, 30, 50, 31, 35, 31, 31, 31, 32, 30, 29, 29, 29, 30, 34, 30, 29, 30, 29, 29, 29, 31, 29, 29, 30, 29, 30, 30, 30, 29, 31, 31, 31, 31, 30, 29, 31, 31, 34, 43, 30, 31, 31, 31, 31, 28, 30, 29, 30, 33, 33, 31, 34, 30, 32, 31, 30, 31, 30, 30, 27, 31, 29, 29, 31, 43, 31, 35, 29, 28, 31]
[25, 14, 8, 22, 22, 31, 0, 15, 15, 25, 20, 24, 25, 22, 30, 22, 40, 26, 37, 37, 65, 34, 40, 27, 52, 24, 51, 25, 22, 35, 32, 29, 22, 36, 22, 16, 18, 16, 16, 20, 35, 42, 16, 18, 28, 16, 20, 66, 22, 34, 22, 26, 30, 18, 26, 33, 24, 20, 27, 22, 22, 25, 20, 28, 26, 44, 21, 32, 26, 24, 26, 28, 20, 22, 22, 20, 20, 32, 22, 22, 25, 22, 22, 21, 29, 22, 22, 21, 22, 22, 22, 22, 22, 22, 26, 24, 20, 21, 26, 22, 22, 30, 30, 22, 26, 23, 23, 29, 16, 24, 22, 22, 30, 29, 21, 32, 22, 29, 25, 21, 20, 20, 24, 21, 22, 29, 37, 24, 43, 22, 33, 21, 20, 20]
[33, 14, 19, 34, 35, 37, 15, 0, 23, 32, 32, 33, 34, 33, 34, 33, 40, 35, 38, 38, 64, 37, 40, 32, 50, 33, 51, 32, 35, 37, 37, 35, 35, 37, 33, 31, 30, 29, 29, 28, 39, 43, 29, 29, 33, 28, 32, 63, 35, 37, 34, 33, 33, 31, 33, 35, 28, 33, 33, 35, 35, 35, 32, 35, 35, 45, 33, 35, 36, 32, 32, 33, 33, 35, 33, 33, 33, 34, 35, 33, 32, 35, 35, 34, 35, 35, 35, 34, 35, 35, 35, 34, 35, 35, 32, 34, 31, 33, 35, 35, 35, 35, 34, 35, 33, 33, 32, 35, 29, 35, 32, 33, 35, 35, 34, 33, 35, 34, 35, 33, 33, 30, 31, 34, 31, 36, 37, 34, 43, 35, 35, 32, 29, 29]
[26, 19, 15, 27, 27, 31, 15, 23, 0, 27, 25, 27, 27, 26, 30, 26, 40, 28, 37, 37, 62, 35, 42, 27, 53, 27, 49, 27, 27, 35, 34, 28, 27, 35, 25, 23, 23, 21, 21, 22, 37, 44, 21, 23, 32, 20, 25, 65, 27, 34, 27, 26, 30, 23, 26, 28, 24, 25, 28, 27, 27, 29, 25, 28, 28, 42, 27, 33, 28, 26, 27, 28, 25, 27, 25, 27, 25, 32, 27, 25, 25, 27, 27, 26, 29, 27, 27, 27, 27, 27, 27, 27, 27, 25, 27, 26, 25, 27, 27, 27, 27, 29, 34, 27, 26, 25, 27, 29, 23, 29, 25, 25, 34, 29, 27, 32, 27, 30, 27, 25, 25, 25, 25, 26, 25, 30, 35, 27, 44, 27, 33, 24, 21, 22]
[25, 28, 24, 25, 23, 31, 25, 32, 27, 0, 17, 23, 26, 17, 22, 20, 33, 24, 33, 33, 47, 31, 31, 17, 43, 25, 44, 23, 21, 29, 26, 27, 23, 37, 24, 24, 25, 25, 25, 25, 43, 50, 25, 25, 33, 25, 19, 61, 25, 32, 25, 26, 31, 25, 26, 34, 25, 25, 27, 23, 25, 27, 25, 28, 27, 46, 25, 31, 27, 25, 25, 28, 25, 24, 23, 23, 25, 28, 21, 21, 25, 23, 23, 23, 28, 24, 23, 25, 24, 24, 25, 25, 24, 25, 25, 27, 25, 23, 25, 25, 25, 32, 39, 25, 28, 24, 16, 29, 25, 27, 24, 25, 30, 31, 25, 32, 25, 27, 25, 24, 25, 24, 26, 25, 23, 28, 37, 26, 42, 25, 31, 25, 25, 25]
[21, 26, 18, 18, 16, 31, 20, 32, 25, 17, 0, 20, 21, 16, 24, 15, 35, 24, 34, 34, 61, 30, 38, 19, 47, 24, 49, 23, 16, 33, 26, 24, 16, 36, 20, 16, 16, 16, 16, 26, 43, 50, 16, 17, 34, 19, 15, 61, 21, 34, 20, 26, 30, 19, 24, 30, 25, 17, 25, 16, 18, 25, 18, 26, 23, 46, 21, 31, 24, 21, 23, 27, 18, 17, 16, 16, 20, 30, 15, 18, 21, 16, 16, 16, 29, 16, 16, 16, 16, 17, 19, 17, 16, 16, 24, 22, 16, 14, 22, 19, 16, 30, 38, 16, 26, 24, 17, 27, 16, 26, 18, 22, 30, 28, 20, 30, 18, 26, 23, 16, 18, 16, 22, 16, 18, 26, 37, 26, 42, 16, 31, 18, 20, 22]
[28, 27, 24, 24, 27, 31, 24, 33, 27, 23, 20, 0, 26, 22, 25, 21, 31, 23, 35, 35, 58, 32, 38, 23, 44, 22, 47, 27, 23, 29, 27, 26, 25, 38, 28, 27, 27, 27, 27, 28, 44, 50, 27, 28, 35, 27, 26, 61, 26, 34, 25, 29, 31, 25, 28, 32, 27, 25, 30, 27, 26, 29, 26, 29, 27, 45, 26, 32, 25, 28, 28, 29, 26, 26, 25, 26, 26, 30, 25, 23, 26, 27, 27, 27, 30, 26, 27, 27, 27, 26, 26, 27, 25, 26, 28, 26, 24, 27, 26, 28, 27, 33, 41, 27, 29, 26, 24, 29, 27, 27, 25, 25, 30, 30, 26, 32, 28, 30, 28, 25, 26, 26, 25, 27, 24, 26, 37, 28, 42, 26, 34, 25, 24, 28]
[27, 28, 23, 25, 23, 31, 25, 34, 27, 26, 21, 26, 0, 24, 30, 21, 39, 24, 37, 37, 60, 29, 39, 24, 48, 23, 51, 24, 23, 33, 28, 26, 23, 37, 24, 25, 23, 25, 23, 28, 44, 52, 23, 24, 36, 25, 24, 64, 25, 36, 25, 28, 33, 24, 28, 33, 26, 24, 30, 25, 25, 25, 23, 30, 26, 48, 25, 30, 25, 26, 28, 30, 23, 25, 25, 25, 25, 35, 22, 25, 27, 23, 25, 23, 31, 25, 24, 24, 23, 25, 25, 25, 25, 25, 28, 24, 23, 21, 26, 25, 24, 32, 42, 25, 30, 26, 24, 31, 25, 26, 25, 23, 32, 30, 23, 31, 25, 26, 27, 23, 23, 23, 27, 24, 25, 26, 36, 28, 44, 25, 35, 23, 23, 26]
[22, 26, 22, 19, 20, 28, 22, 33, 26, 17, 16, 22, 24, 0, 22, 20, 28, 22, 32, 32, 54, 28, 33, 17, 44, 24, 45, 17, 17, 29, 28, 22, 16, 37, 22, 21, 22, 22, 22, 26, 43, 49, 22, 22, 34, 22, 18, 64, 21, 31, 19, 25, 30, 22, 24, 32, 23, 21, 26, 20, 22, 25, 22, 28, 24, 45, 22, 31, 24, 22, 24, 28, 22, 21, 17, 22, 22, 27, 21, 18, 20, 21, 21, 21, 29, 18, 21, 20, 19, 19, 18, 22, 20, 20, 22, 24, 20, 21, 24, 22, 22, 31, 38, 22, 26, 23, 19, 29, 22, 26, 19, 22, 30, 31, 20, 30, 22, 28, 25, 19, 22, 20, 24, 22, 20, 26, 37, 26, 40, 20, 30, 22, 22, 22]
[30, 30, 30, 28, 31, 34, 30, 34, 30, 22, 24, 25, 30, 22, 0, 25, 34, 25, 36, 36, 57, 33, 35, 17, 40, 27, 43, 28, 28, 31, 30, 31, 30, 38, 29, 31, 32, 32, 32, 32, 41, 50, 32, 32, 31, 32, 25, 59, 30, 34, 30, 29, 32, 29, 29, 33, 27, 28, 31, 30, 30, 33, 30, 32, 31, 45, 32, 30, 31, 30, 30, 30, 30, 31, 29, 32, 30, 32, 31, 29, 29, 31, 31, 31, 32, 31, 31, 31, 31, 31, 30, 32, 31, 30, 30, 28, 28, 29, 31, 32, 32, 34, 38, 31, 30, 26, 24, 31, 32, 33, 30, 29, 32, 30, 30, 32, 32, 30, 32, 29, 30, 30, 30, 31, 28, 30, 37, 30, 40, 30, 32, 29, 30, 30]
[26, 27, 17, 19, 18, 31, 22, 33, 26, 20, 15, 21, 21, 20, 25, 0, 35, 23, 38, 38, 63, 32, 36, 20, 48, 18, 48, 24, 17, 28, 30, 24, 18, 36, 20, 18, 18, 18, 18, 27, 43, 51, 18, 19, 35, 20, 20, 62, 22, 35, 21, 27, 31, 21, 27, 34, 26, 19, 29, 18, 19, 25, 19, 29, 25, 45, 22, 29, 21, 23, 25, 29, 18, 18, 19, 18, 22, 31, 16, 19, 24, 18, 18, 17, 30, 18, 18, 18, 18, 18, 20, 18, 18, 18, 27, 23, 17, 18, 22, 20, 18, 31, 42, 18, 28, 25, 20, 30, 18, 26, 21, 21, 30, 30, 21, 30, 19, 27, 26, 16, 18, 17, 25, 17, 21, 24, 37, 25, 44, 18, 34, 17, 21, 25]
[37, 38, 40, 40, 41, 42, 40, 40, 40, 33, 35, 31, 39, 28, 34, 35, 0, 34, 38, 38, 57, 36, 40, 29, 41, 34, 47, 31, 36, 31, 38, 29, 38, 42, 40, 41, 42, 42, 42, 42, 44, 50, 42, 41, 40, 40, 37, 61, 40, 42, 40, 38, 38, 37, 38, 42, 38, 37, 38, 40, 41, 43, 40, 42, 40, 49, 42, 38, 41, 38, 38, 38, 40, 41, 38, 40, 38, 36, 35, 32, 38, 41, 41, 41, 41, 41, 41, 41, 41, 39, 38, 42, 40, 40, 38, 38, 38, 41, 36, 42, 40, 42, 40, 41, 40, 35, 36, 42, 42, 43, 38, 39, 39, 37, 40, 36, 42, 40, 40, 39, 40, 40, 40, 41, 38, 38, 42, 40, 46, 39, 41, 39, 40, 40]
[27, 30, 25, 26, 25, 31, 26, 35, 28, 24, 24, 23, 24, 22, 25, 23, 34, 0, 31, 31, 54, 29, 35, 20, 46, 16, 45, 24, 19, 31, 30, 25, 22, 37, 26, 26, 26, 26, 26, 28, 43, 49, 26, 26, 34, 26, 26, 66, 26, 33, 26, 28, 33, 26, 28, 33, 26, 25, 29, 26, 26, 28, 24, 30, 27, 45, 26, 29, 26, 25, 26, 30, 24, 25, 26, 26, 26, 31, 26, 26, 28, 26, 26, 24, 28, 25, 24, 26, 26, 25, 24, 26, 26, 24, 27, 25, 22, 26, 28, 26, 26, 29, 41, 26, 28, 25, 25, 29, 26, 28, 25, 25, 31, 32, 26, 31, 26, 28, 28, 24, 24, 23, 28, 25, 26, 22, 35, 28, 42, 24, 33, 25, 25, 27]
[38, 36, 37, 38, 38, 39, 37, 38, 37, 33, 34, 35, 37, 32, 36, 38, 38, 31, 0, 0, 54, 37, 40, 32, 43, 33, 42, 30, 34, 36, 37, 32, 35, 40, 37, 39, 38, 39, 39, 37, 42, 49, 39, 39, 37, 38, 37, 65, 37, 38, 38, 37, 39, 36, 38, 38, 35, 36, 39, 39, 34, 40, 35, 39, 41, 48, 39, 39, 38, 37, 37, 37, 37, 37, 36, 39, 37, 36, 38, 38, 36, 37, 37, 37, 39, 36, 38, 36, 37, 37, 37, 38, 39, 39, 37, 38, 36, 37, 41, 39, 39, 39, 40, 39, 38, 36, 37, 37, 39, 39, 37, 37, 40, 37, 39, 38, 39, 33, 39, 35, 37, 36, 37, 38, 38, 37, 41, 36, 44, 39, 37, 37, 37, 39]
[38, 36, 37, 38, 38, 39, 37, 38, 37, 33, 34, 35, 37, 32, 36, 38, 38, 31, 0, 0, 54, 37, 40, 32, 43, 33, 42, 30, 34, 36, 37, 32, 35, 40, 37, 39, 38, 39, 39, 37, 42, 49, 39, 39, 37, 38, 37, 65, 37, 38, 38, 37, 39, 36, 38, 38, 35, 36, 39, 39, 34, 40, 35, 39, 41, 48, 39, 39, 38, 37, 37, 37, 37, 37, 36, 39, 37, 36, 38, 38, 36, 37, 37, 37, 39, 36, 38, 36, 37, 37, 37, 38, 39, 39, 37, 38, 36, 37, 41, 39, 39, 39, 40, 39, 38, 36, 37, 37, 39, 39, 37, 37, 40, 37, 39, 38, 39, 33, 39, 35, 37, 36, 37, 38, 38, 37, 41, 36, 44, 39, 37, 37, 37, 39]
[63, 62, 67, 63, 66, 66, 65, 64, 62, 47, 61, 58, 60, 54, 57, 63, 57, 54, 54, 54, 0, 49, 55, 55, 56, 56, 58, 57, 60, 57, 61, 58, 64, 69, 66, 67, 67, 68, 68, 66, 66, 66, 68, 67, 66, 68, 63, 67, 66, 64, 63, 64, 64, 64, 65, 66, 64, 64, 66, 66, 68, 66, 64, 68, 68, 65, 68, 65, 64, 66, 66, 65, 66, 64, 62, 66, 65, 58, 64, 60, 61, 66, 66, 66, 65, 66, 66, 66, 65, 62, 64, 67, 65, 64, 62, 65, 63, 65, 63, 67, 66, 67, 63, 68, 63, 62, 61, 65, 68, 68, 61, 68, 64, 68, 66, 61, 68, 59, 66, 65, 66, 62, 68, 67, 62, 58, 66, 67, 65, 66, 64, 67, 66, 66]
[33, 36, 34, 32, 33, 36, 34, 37, 35, 31, 30, 32, 29, 28, 33, 32, 36, 29, 37, 37, 49, 0, 38, 29, 49, 30, 50, 29, 30, 34, 30, 28, 30, 40, 34, 34, 34, 34, 34, 34, 47, 50, 34, 34, 36, 34, 32, 66, 34, 35, 32, 32, 32, 32, 34, 34, 33, 32, 32, 32, 34, 35, 34, 36, 34, 46, 34, 33, 33, 34, 34, 34, 34, 30, 31, 34, 33, 36, 34, 32, 32, 33, 34, 33, 34, 32, 33, 32, 32, 28, 32, 34, 32, 32, 30, 34, 32, 32, 34, 34, 32, 34, 40, 34, 35, 30, 32, 34, 34, 34, 31, 34, 32, 36, 34, 36, 34, 34, 33, 32, 34, 30, 34, 34, 32, 29, 37, 34, 44, 33, 33, 34, 34, 34]
[41, 43, 44, 43, 43, 44, 40, 40, 42, 31, 38, 38, 39, 33, 35, 36, 40, 35, 40, 40, 55, 38, 0, 27, 44, 32, 49, 36, 40, 39, 40, 37, 40, 43, 43, 43, 43, 44, 44, 43, 45, 50, 44, 44, 42, 42, 39, 60, 44, 44, 43, 42, 43, 42, 41, 39, 42, 41, 42, 43, 43, 43, 41, 44, 41, 46, 44, 35, 38, 41, 41, 40, 42, 44, 41, 44, 41, 36, 40, 38, 40, 44, 44, 43, 44, 44, 44, 43, 43, 44, 44, 43, 43, 44, 39, 41, 40, 39, 39, 44, 44, 40, 44, 43, 41, 42, 38, 42, 44, 42, 41, 42, 38, 44, 44, 41, 44, 40, 44, 41, 42, 41, 44, 42, 40, 38, 46, 43, 44, 44, 42, 44, 44, 42]
[26, 28, 27, 27, 27, 31, 27, 32, 27, 17, 19, 23, 24, 17, 17, 20, 29, 20, 32, 32, 55, 29, 27, 0, 40, 22, 45, 25, 21, 29, 28, 24, 25, 35, 26, 29, 29, 29, 29, 29, 41, 49, 29, 29, 30, 29, 22, 54, 27, 32, 27, 26, 30, 27, 27, 33, 24, 26, 28, 29, 28, 31, 27, 27, 28, 44, 29, 28, 28, 27, 25, 29, 27, 28, 24, 29, 27, 29, 25, 22, 27, 27, 27, 27, 29, 28, 27, 28, 28, 28, 27, 29, 27, 27, 27, 27, 24, 26, 28, 29, 29, 31, 36, 28, 28, 26, 19, 27, 29, 31, 23, 27, 31, 30, 27, 25, 29, 27, 29, 26, 27, 25, 28, 28, 25, 25, 37, 28, 39, 27, 31, 27, 27, 27]
[53, 51, 52, 54, 54, 56, 52, 50, 53, 43, 47, 44, 48, 44, 40, 48, 41, 46, 43, 43, 56, 49, 44, 40, 0, 47, 48, 47, 51, 45, 51, 44, 51, 55, 51, 54, 54, 55, 55, 55, 52, 57, 55, 53, 51, 54, 48, 60, 55, 55, 54, 52, 52, 53, 52, 52, 49, 53, 53, 53, 54, 55, 53, 55, 54, 57, 55, 47, 51, 51, 51, 51, 53, 55, 52, 53, 53, 48, 51, 49, 48, 55, 54, 54, 53, 54, 55, 54, 54, 55, 55, 54, 54, 55, 53, 54, 53, 52, 51, 54, 55, 53, 53, 54, 52, 52, 47, 53, 55, 56, 52, 52, 52, 51, 55, 51, 55, 47, 55, 50, 52, 52, 53, 54, 51, 47, 57, 52, 55, 55, 53, 53, 53, 53]
[27, 30, 22, 26, 23, 30, 24, 33, 27, 25, 24, 22, 23, 24, 27, 18, 34, 16, 33, 33, 56, 30, 32, 22, 47, 0, 47, 27, 16, 29, 31, 18, 20, 37, 24, 26, 24, 26, 24, 28, 45, 50, 24, 26, 36, 25, 26, 65, 26, 35, 26, 28, 32, 24, 28, 30, 27, 25, 28, 26, 26, 23, 24, 30, 24, 45, 26, 26, 22, 26, 28, 32, 22, 24, 26, 26, 26, 30, 21, 26, 27, 24, 26, 22, 28, 24, 24, 24, 24, 24, 24, 26, 26, 24, 28, 23, 23, 24, 26, 26, 25, 27, 42, 26, 26, 24, 26, 29, 26, 23, 25, 24, 28, 30, 26, 29, 26, 26, 27, 24, 24, 22, 26, 25, 25, 23, 33, 28, 43, 24, 34, 23, 24, 26]
[48, 50, 51, 51, 51, 49, 51, 51, 49, 44, 49, 47, 51, 45, 43, 48, 47, 45, 42, 42, 58, 50, 49, 45, 48, 47, 0, 45, 49, 46, 53, 46, 48, 52, 50, 52, 53, 52, 53, 53, 51, 55, 53, 52, 49, 53, 50, 66, 53, 53, 51, 47, 50, 48, 47, 49, 49, 45, 46, 47, 51, 54, 51, 53, 52, 53, 52, 53, 53, 51, 51, 51, 49, 51, 50, 51, 49, 48, 51, 51, 49, 52, 52, 52, 52, 52, 53, 52, 51, 52, 53, 53, 51, 53, 50, 53, 51, 50, 51, 52, 53, 50, 50, 52, 51, 47, 49, 50, 51, 54, 51, 49, 52, 50, 53, 49, 53, 45, 53, 50, 51, 50, 50, 52, 48, 50, 53, 51, 52, 53, 50, 49, 48, 51]
[23, 27, 25, 22, 24, 30, 25, 32, 27, 23, 23, 27, 24, 17, 28, 24, 31, 24, 30, 30, 57, 29, 36, 25, 47, 27, 45, 0, 18, 32, 32, 21, 21, 37, 25, 24, 25, 25, 25, 26, 42, 49, 25, 25, 33, 25, 23, 65, 25, 31, 22, 25, 30, 23, 26, 31, 25, 23, 26, 23, 25, 27, 25, 28, 27, 46, 25, 33, 27, 25, 25, 28, 25, 23, 20, 25, 24, 27, 24, 21, 25, 24, 24, 23, 26, 23, 24, 23, 23, 21, 23, 25, 23, 23, 22, 27, 23, 24, 25, 25, 23, 32, 38, 25, 28, 23, 23, 28, 25, 27, 22, 25, 32, 30, 25, 32, 25, 28, 25, 22, 25, 23, 26, 25, 23, 28, 35, 26, 42, 24, 30, 25, 25, 25]
[23, 28, 18, 14, 9, 28, 22, 35, 27, 21, 16, 23, 23, 17, 28, 17, 36, 19, 34, 34, 60, 30, 40, 21, 51, 16, 49, 18, 0, 33, 29, 19, 6, 38, 20, 14, 10, 12, 10, 25, 45, 49, 10, 18, 36, 18, 21, 68, 19, 30, 16, 26, 30, 19, 24, 32, 25, 16, 26, 14, 18, 23, 18, 27, 24, 47, 21, 32, 24, 24, 26, 30, 18, 17, 14, 14, 21, 30, 16, 19, 24, 10, 12, 8, 27, 15, 10, 13, 9, 16, 16, 16, 13, 11, 23, 20, 14, 9, 24, 19, 11, 31, 40, 15, 24, 24, 21, 28, 12, 26, 16, 22, 32, 31, 18, 32, 18, 29, 25, 13, 18, 13, 26, 11, 18, 26, 33, 26, 42, 13, 32, 18, 22, 24]
[33, 35, 35, 37, 37, 38, 35, 37, 35, 29, 33, 29, 33, 29, 31, 28, 31, 31, 36, 36, 57, 34, 39, 29, 45, 29, 46, 32, 33, 0, 34, 31, 29, 40, 33, 37, 37, 37, 37, 36, 36, 46, 37, 37, 37, 37, 32, 60, 37, 39, 37, 35, 35, 32, 32, 37, 35, 31, 35, 35, 36, 37, 35, 37, 36, 46, 35, 37, 35, 35, 35, 35, 34, 35, 35, 36, 35, 33, 33, 31, 33, 37, 36, 36, 37, 35, 37, 34, 37, 37, 36, 36, 36, 36, 35, 37, 35, 37, 35, 37, 36, 38, 42, 37, 35, 35, 33, 37, 35, 38, 35, 33, 37, 35, 37, 35, 36, 36, 37, 33, 34, 35, 35, 36, 35, 33, 39, 36, 44, 37, 37, 34, 34, 35]
[32, 34, 32, 32, 32, 34, 32, 37, 34, 26, 26, 27, 28, 28, 30, 30, 38, 30, 37, 37, 61, 30, 40, 28, 51, 31, 53, 32, 29, 34, 0, 30, 30, 40, 31, 32, 31, 32, 30, 32, 44, 50, 30, 31, 36, 32, 28, 63, 32, 36, 32, 32, 34, 32, 33, 34, 32, 32, 32, 32, 29, 34, 29, 34, 32, 47, 32, 33, 31, 32, 32, 32, 32, 31, 32, 31, 32, 31, 28, 26, 30, 31, 31, 32, 34, 31, 31, 31, 32, 31, 31, 30, 32, 31, 32, 31, 32, 30, 31, 32, 32, 33, 42, 32, 34, 32, 28, 34, 32, 34, 32, 32, 30, 34, 32, 35, 32, 33, 32, 30, 32, 32, 33, 32, 32, 32, 37, 33, 44, 32, 34, 32, 32, 32]
[25, 30, 27, 26, 25, 29, 29, 35, 28, 27, 24, 26, 26, 22, 31, 24, 29, 25, 32, 32, 58, 28, 37, 24, 44, 18, 46, 21, 19, 31, 30, 0, 23, 36, 29, 26, 27, 27, 27, 28, 45, 50, 27, 27, 36, 27, 25, 66, 27, 32, 26, 27, 31, 26, 26, 32, 27, 25, 26, 26, 26, 27, 27, 30, 27, 46, 29, 33, 27, 27, 28, 30, 27, 26, 24, 27, 28, 31, 23, 23, 26, 25, 27, 25, 31, 26, 27, 26, 26, 24, 27, 27, 25, 27, 26, 25, 25, 26, 27, 27, 25, 34, 42, 27, 29, 27, 25, 31, 27, 29, 24, 29, 29, 30, 27, 34, 27, 30, 29, 24, 27, 26, 29, 26, 26, 28, 36, 29, 44, 26, 35, 27, 28, 27]
[25, 28, 18, 18, 10, 31, 22, 35, 27, 23, 16, 25, 23, 16, 30, 18, 38, 22, 35, 35, 64, 30, 40, 25, 51, 20, 48, 21, 6, 29, 30, 23, 0, 38, 21, 14, 10, 12, 10, 26, 45, 50, 10, 18, 36, 19, 21, 69, 21, 32, 20, 28, 31, 21, 26, 34, 27, 17, 28, 14, 18, 25, 18, 28, 24, 48, 19, 31, 24, 24, 26, 30, 18, 16, 18, 14, 22, 32, 16, 22, 25, 10, 14, 10, 29, 12, 11, 13, 10, 15, 18, 17, 15, 12, 26, 23, 16, 10, 24, 19, 11, 32, 42, 15, 28, 26, 23, 29, 12, 26, 20, 20, 32, 30, 20, 34, 18, 29, 25, 11, 18, 14, 23, 11, 19, 24, 37, 26, 42, 15, 33, 17, 21, 22]
[37, 37, 37, 38, 38, 38, 36, 37, 35, 37, 36, 38, 37, 37, 38, 36, 42, 37, 40, 40, 69, 40, 43, 35, 55, 37, 52, 37, 38, 40, 40, 36, 38, 0, 30, 38, 38, 38, 38, 38, 46, 51, 38, 38, 38, 38, 35, 65, 38, 39, 38, 35, 37, 36, 37, 39, 35, 36, 37, 37, 38, 38, 32, 30, 35, 44, 34, 34, 35, 25, 25, 27, 26, 38, 37, 38, 30, 38, 38, 37, 37, 38, 37, 37, 39, 38, 38, 38, 38, 38, 38, 38, 38, 38, 34, 35, 36, 38, 35, 31, 34, 36, 43, 38, 37, 35, 37, 30, 38, 39, 34, 33, 38, 31, 38, 38, 38, 37, 37, 37, 28, 34, 34, 37, 36, 38, 40, 33, 43, 38, 39, 35, 34, 37]
[24, 28, 19, 21, 20, 30, 22, 33, 25, 24, 20, 28, 24, 22, 29, 20, 40, 26, 37, 37, 66, 34, 43, 26, 51, 24, 50, 25, 20, 33, 31, 29, 21, 30, 0, 21, 21, 21, 21, 25, 42, 48, 21, 21, 33, 21, 19, 64, 21, 34, 21, 26, 32, 21, 26, 34, 25, 21, 28, 21, 21, 21, 20, 26, 26, 44, 19, 28, 22, 12, 14, 18, 10, 21, 21, 21, 20, 34, 23, 22, 25, 21, 21, 20, 29, 21, 21, 20, 21, 21, 21, 21, 21, 21, 20, 22, 17, 20, 24, 19, 18, 28, 39, 21, 28, 22, 22, 27, 21, 26, 15, 20, 32, 25, 21, 31, 21, 27, 24, 19, 12, 15, 24, 20, 17, 30, 36, 22, 42, 21, 32, 19, 22, 24]
[25, 22, 14, 17, 14, 30, 16, 31, 23, 24, 16, 27, 25, 21, 31, 18, 41, 26, 39, 39, 67, 34, 43, 29, 54, 26, 52, 24, 14, 37, 32, 26, 14, 38, 21, 0, 8, 8, 9, 19, 37, 42, 10, 12, 29, 14, 19, 66, 21, 34, 19, 28, 30, 21, 25, 34, 27, 18, 28, 13, 18, 25, 18, 28, 24, 45, 21, 31, 24, 24, 26, 30, 18, 17, 18, 14, 22, 33, 18, 22, 25, 14, 14, 14, 28, 16, 14, 14, 14, 17, 19, 17, 15, 14, 26, 23, 16, 13, 24, 18, 14, 30, 36, 15, 26, 26, 21, 27, 10, 25, 20, 22, 30, 30, 20, 34, 18, 30, 25, 15, 17, 14, 26, 14, 20, 29, 37, 26, 44, 15, 32, 18, 22, 20]
[24, 23, 14, 18, 10, 31, 18, 30, 23, 25, 16, 27, 23, 22, 32, 18, 42, 26, 38, 38, 67, 34, 43, 29, 54, 24, 53, 25, 10, 37, 31, 27, 10, 38, 21, 8, 0, 8, 6, 19, 38, 42, 6, 11, 30, 14, 18, 67, 21, 34, 20, 28, 30, 21, 26, 34, 27, 18, 28, 14, 18, 25, 17, 28, 24, 46, 21, 32, 24, 24, 26, 29, 18, 17, 18, 14, 22, 34, 16, 22, 25, 10, 14, 10, 29, 16, 11, 13, 10, 17, 19, 16, 15, 13, 26, 22, 15, 10, 24, 19, 11, 31, 38, 15, 28, 26, 23, 29, 8, 26, 19, 22, 30, 31, 20, 34, 18, 30, 25, 15, 18, 14, 26, 11, 19, 30, 36, 23, 44, 15, 33, 18, 22, 20]
[24, 21, 12, 17, 12, 29, 16, 29, 21, 25, 16, 27, 25, 22, 32, 18, 42, 26, 39, 39, 68, 34, 44, 29, 55, 26, 52, 25, 12, 37, 32, 27, 12, 38, 21, 8, 8, 0, 6, 19, 35, 41, 6, 10, 29, 14, 18, 66, 21, 34, 19, 28, 32, 21, 26, 33, 26, 18, 28, 14, 18, 25, 18, 28, 24, 46, 21, 32, 26, 24, 26, 30, 18, 17, 18, 14, 22, 33, 17, 22, 25, 12, 14, 12, 29, 16, 12, 13, 12, 17, 19, 17, 15, 13, 26, 23, 16, 12, 24, 19, 12, 31, 36, 15, 27, 26, 22, 29, 6, 24, 20, 22, 32, 31, 20, 33, 18, 30, 25, 15, 18, 14, 26, 12, 20, 29, 37, 26, 44, 15, 30, 18, 22, 20]
[25, 22, 12, 18, 10, 31, 16, 29, 21, 25, 16, 27, 23, 22, 32, 18, 42, 26, 39, 39, 68, 34, 44, 29, 55, 24, 53, 25, 10, 37, 30, 27, 10, 38, 21, 9, 6, 6, 0, 19, 36, 41, 1, 11, 28, 12, 16, 68, 21, 34, 20, 28, 32, 21, 26, 34, 27, 18, 28, 14, 18, 25, 18, 28, 24, 46, 21, 32, 24, 24, 26, 30, 18, 17, 18, 14, 22, 32, 16, 20, 25, 10, 14, 10, 29, 16, 11, 13, 10, 17, 19, 17, 15, 13, 26, 23, 16, 10, 24, 19, 11, 31, 36, 15, 28, 26, 23, 29, 8, 25, 20, 22, 31, 31, 20, 34, 18, 30, 25, 15, 18, 14, 26, 11, 20, 30, 37, 26, 44, 15, 32, 18, 22, 20]
[26, 22, 20, 26, 24, 31, 20, 28, 22, 25, 26, 28, 28, 26, 32, 27, 42, 28, 37, 37, 66, 34, 43, 29, 55, 28, 53, 26, 25, 36, 32, 28, 26, 38, 25, 19, 19, 19, 19, 0, 30, 36, 18, 17, 28, 19, 21, 64, 26, 34, 26, 28, 32, 26, 26, 34, 27, 26, 29, 26, 26, 28, 25, 28, 28, 46, 26, 33, 27, 24, 26, 28, 26, 26, 26, 26, 26, 34, 28, 26, 26, 26, 26, 26, 29, 26, 26, 25, 26, 26, 26, 24, 26, 26, 26, 27, 25, 26, 28, 26, 26, 32, 32, 26, 27, 26, 26, 29, 20, 27, 26, 26, 33, 31, 26, 34, 26, 30, 26, 26, 26, 25, 26, 26, 25, 30, 37, 26, 43, 26, 32, 26, 26, 22]
[42, 35, 37, 45, 45, 46, 35, 39, 37, 43, 43, 44, 44, 43, 41, 43, 44, 43, 42, 42, 66, 47, 45, 41, 52, 45, 51, 42, 45, 36, 44, 45, 45, 46, 42, 37, 38, 35, 36, 30, 0, 33, 36, 34, 35, 36, 36, 62, 45, 45, 45, 40, 42, 41, 41, 42, 41, 41, 41, 43, 44, 46, 43, 45, 44, 43, 45, 44, 45, 41, 41, 41, 42, 44, 42, 45, 43, 44, 45, 41, 43, 44, 44, 44, 44, 44, 44, 44, 45, 44, 45, 45, 45, 45, 43, 43, 43, 45, 45, 45, 44, 40, 34, 44, 42, 39, 43, 45, 38, 45, 41, 43, 46, 43, 45, 36, 45, 39, 45, 43, 42, 42, 43, 44, 43, 46, 47, 43, 45, 45, 41, 43, 43, 39]
[49, 42, 44, 49, 50, 52, 42, 43, 44, 50, 50, 50, 52, 49, 50, 51, 50, 49, 49, 49, 66, 50, 50, 49, 57, 50, 55, 49, 49, 46, 50, 50, 50, 51, 48, 42, 42, 41, 41, 36, 33, 0, 40, 38, 40, 42, 42, 65, 49, 49, 49, 49, 49, 49, 49, 49, 49, 49, 49, 49, 49, 50, 49, 48, 50, 51, 50, 49, 49, 49, 50, 49, 49, 50, 48, 49, 48, 50, 50, 49, 50, 50, 50, 50, 50, 50, 49, 50, 50, 49, 49, 49, 49, 49, 49, 49, 49, 50, 50, 48, 48, 47, 41, 49, 49, 48, 49, 48, 43, 49, 48, 49, 49, 49, 49, 49, 50, 49, 49, 50, 49, 49, 49, 50, 48, 52, 51, 49, 50, 49, 49, 48, 49, 46]
[25, 22, 12, 18, 10, 31, 16, 29, 21, 25, 16, 27, 23, 22, 32, 18, 42, 26, 39, 39, 68, 34, 44, 29, 55, 24, 53, 25, 10, 37, 30, 27, 10, 38, 21, 10, 6, 6, 1, 18, 36, 40, 0, 10, 29, 12, 15, 67, 21, 34, 20, 28, 32, 21, 26, 34, 27, 18, 28, 14, 18, 25, 18, 28, 24, 46, 21, 31, 23, 24, 26, 30, 18, 17, 18, 14, 22, 32, 16, 20, 25, 10, 14, 10, 29, 16, 11, 13, 10, 17, 19, 17, 15, 13, 26, 23, 16, 10, 24, 19, 11, 31, 36, 15, 28, 26, 23, 29, 8, 26, 20, 22, 31, 31, 20, 34, 18, 30, 25, 15, 18, 14, 26, 11, 20, 30, 37, 26, 44, 15, 33, 18, 22, 20]
[25, 22, 12, 18, 18, 31, 18, 29, 23, 25, 17, 28, 24, 22, 32, 19, 41, 26, 39, 39, 67, 34, 44, 29, 53, 26, 52, 25, 18, 37, 31, 27, 18, 38, 21, 12, 11, 10, 11, 17, 34, 38, 10, 0, 29, 15, 18, 62, 21, 34, 20, 28, 30, 21, 26, 33, 27, 18, 28, 18, 18, 25, 18, 28, 24, 46, 21, 31, 24, 24, 26, 30, 18, 18, 18, 18, 22, 33, 20, 22, 25, 18, 18, 18, 29, 18, 18, 18, 18, 18, 19, 18, 18, 18, 26, 24, 18, 17, 25, 19, 18, 31, 35, 18, 27, 26, 23, 29, 11, 26, 20, 22, 31, 31, 20, 34, 18, 30, 25, 18, 18, 18, 26, 18, 20, 30, 37, 24, 44, 18, 31, 18, 22, 20]
[33, 31, 30, 36, 36, 38, 28, 33, 32, 33, 34, 35, 36, 34, 31, 35, 40, 34, 37, 37, 66, 36, 42, 30, 51, 36, 49, 33, 36, 37, 36, 36, 36, 38, 33, 29, 30, 29, 28, 28, 35, 40, 29, 29, 0, 30, 30, 60, 36, 36, 36, 32, 36, 34, 34, 37, 30, 34, 34, 36, 36, 38, 34, 36, 34, 44, 34, 34, 34, 31, 32, 31, 33, 36, 34, 35, 34, 34, 36, 34, 34, 36, 34, 35, 36, 36, 36, 36, 36, 36, 36, 36, 36, 36, 34, 34, 34, 35, 34, 36, 36, 35, 33, 36, 34, 32, 34, 36, 30, 37, 33, 33, 36, 35, 36, 34, 36, 32, 34, 34, 33, 34, 33, 35, 34, 38, 38, 33, 42, 36, 35, 34, 34, 32]
[25, 22, 15, 19, 19, 30, 16, 28, 20, 25, 19, 27, 25, 22, 32, 20, 40, 26, 38, 38, 68, 34, 42, 29, 54, 25, 53, 25, 18, 37, 32, 27, 19, 38, 21, 14, 14, 14, 12, 19, 36, 42, 12, 15, 30, 0, 19, 67, 21, 34, 20, 28, 32, 20, 25, 32, 26, 19, 27, 19, 19, 24, 19, 28, 25, 46, 21, 33, 26, 24, 26, 30, 19, 19, 19, 19, 22, 34, 21, 22, 24, 19, 19, 19, 29, 19, 19, 19, 19, 19, 19, 19, 19, 19, 24, 25, 19, 19, 25, 19, 19, 30, 36, 19, 28, 26, 23, 29, 15, 26, 19, 22, 32, 31, 20, 34, 19, 30, 25, 19, 19, 19, 24, 19, 20, 30, 37, 26, 43, 19, 33, 18, 21, 20]
[23, 25, 20, 21, 18, 30, 20, 32, 25, 19, 15, 26, 24, 18, 25, 20, 37, 26, 37, 37, 63, 32, 39, 22, 48, 26, 50, 23, 21, 32, 28, 25, 21, 35, 19, 19, 18, 18, 16, 21, 36, 42, 15, 18, 30, 19, 0, 59, 21, 34, 21, 26, 29, 21, 24, 32, 25, 20, 26, 21, 21, 25, 21, 28, 23, 45, 21, 27, 22, 21, 23, 27, 18, 21, 18, 21, 22, 30, 20, 19, 21, 21, 21, 21, 29, 21, 20, 20, 20, 21, 21, 21, 20, 21, 24, 23, 21, 18, 22, 21, 20, 30, 37, 20, 26, 23, 17, 29, 19, 26, 21, 20, 30, 29, 21, 31, 21, 28, 25, 21, 18, 21, 24, 21, 21, 28, 36, 24, 42, 21, 30, 21, 22, 22]
[65, 65, 66, 68, 69, 69, 66, 63, 65, 61, 61, 61, 64, 64, 59, 62, 61, 66, 65, 65, 67, 66, 60, 54, 60, 65, 66, 65, 68, 60, 63, 66, 69, 65, 64, 66, 67, 66, 68, 64, 62, 65, 67, 62, 60, 67, 59, 0, 67, 68, 68, 64, 65, 66, 66, 65, 61, 66, 66, 68, 69, 70, 66, 67, 68, 64, 69, 51, 57, 63, 63, 61, 64, 69, 66, 69, 63, 59, 61, 59, 64, 69, 68, 68, 69, 69, 69, 67, 68, 68, 68, 68, 68, 68, 66, 66, 65, 67, 60, 66, 68, 60, 64, 69, 62, 62, 60, 65, 68, 68, 64, 65, 61, 62, 68, 60, 69, 61, 67, 67, 61, 66, 63, 68, 66, 65, 70, 62, 66, 68, 64, 67, 65, 67]
[25, 28, 21, 18, 19, 29, 22, 35, 27, 25, 21, 26, 25, 21, 30, 22, 40, 26, 37, 37, 66, 34, 44, 27, 55, 26, 53, 25, 19, 37, 32, 27, 21, 38, 21, 21, 21, 21, 21, 26, 45, 49, 21, 21, 36, 21, 21, 67, 0, 30, 20, 26, 30, 21, 26, 34, 25, 21, 28, 21, 21, 24, 21, 28, 26, 48, 21, 33, 26, 24, 26, 30, 21, 21, 21, 21, 22, 30, 23, 21, 25, 21, 21, 21, 28, 21, 21, 21, 21, 21, 19, 21, 20, 19, 24, 25, 19, 21, 26, 21, 20, 31, 42, 17, 27, 25, 22, 29, 21, 26, 21, 20, 32, 31, 18, 32, 21, 27, 25, 21, 21, 21, 23, 19, 19, 29, 37, 26, 42, 19, 33, 20, 22, 24]
[32, 34, 34, 27, 30, 31, 34, 37, 34, 32, 34, 34, 36, 31, 34, 35, 42, 33, 38, 38, 64, 35, 44, 32, 55, 35, 53, 31, 30, 39, 36, 32, 32, 39, 34, 34, 34, 34, 34, 34, 45, 49, 34, 34, 36, 34, 34, 68, 30, 0, 27, 31, 34, 32, 32, 35, 32, 31, 31, 32, 32, 34, 34, 33, 36, 48, 34, 36, 35, 34, 34, 34, 34, 33, 29, 34, 33, 35, 35, 31, 34, 32, 32, 32, 34, 31, 32, 33, 33, 31, 31, 34, 32, 32, 31, 34, 31, 34, 36, 34, 32, 35, 42, 31, 34, 32, 32, 33, 34, 36, 30, 34, 36, 35, 32, 36, 34, 34, 33, 34, 34, 33, 34, 32, 32, 36, 36, 34, 44, 32, 36, 34, 34, 34]
[23, 27, 20, 2, 15, 23, 22, 34, 27, 25, 20, 25, 25, 19, 30, 21, 40, 26, 38, 38, 63, 32, 43, 27, 54, 26, 51, 22, 16, 37, 32, 26, 20, 38, 21, 19, 20, 19, 20, 26, 45, 49, 20, 20, 36, 20, 21, 68, 20, 27, 0, 26, 30, 21, 25, 34, 25, 20, 27, 18, 20, 25, 20, 28, 25, 48, 21, 33, 26, 24, 26, 30, 20, 19, 16, 20, 21, 28, 22, 20, 24, 17, 18, 17, 26, 17, 18, 18, 18, 18, 18, 19, 18, 18, 23, 25, 18, 19, 24, 20, 20, 31, 40, 16, 26, 24, 23, 28, 20, 26, 18, 22, 32, 31, 20, 30, 20, 30, 25, 19, 20, 20, 26, 16, 20, 28, 33, 25, 41, 19, 32, 20, 22, 24]
[26, 28, 26, 26, 28, 31, 26, 33, 26, 26, 26, 29, 28, 25, 29, 27, 38, 28, 37, 37, 64, 32, 42, 26, 52, 28, 47, 25, 26, 35, 32, 27, 28, 35, 26, 28, 28, 28, 28, 28, 40, 49, 28, 28, 32, 28, 26, 64, 26, 31, 26, 0, 24, 18, 23, 25, 18, 17, 20, 20, 26, 28, 26, 28, 28, 46, 28, 33, 28, 25, 26, 29, 26, 27, 24, 27, 26, 32, 28, 24, 27, 27, 28, 27, 29, 27, 27, 27, 28, 25, 25, 26, 26, 25, 24, 26, 23, 28, 29, 28, 26, 29, 39, 28, 28, 17, 26, 29, 28, 29, 24, 26, 31, 30, 26, 28, 27, 30, 28, 26, 26, 26, 28, 27, 24, 30, 37, 28, 41, 26, 32, 26, 26, 26]
[30, 29, 30, 30, 31, 32, 30, 33, 30, 31, 30, 31, 33, 30, 32, 31, 38, 33, 39, 39, 64, 32, 43, 30, 52, 32, 50, 30, 30, 35, 34, 31, 31, 37, 32, 30, 30, 32, 32, 32, 42, 49, 32, 30, 36, 32, 29, 65, 30, 34, 30, 24, 0, 24, 29, 29, 25, 23, 26, 27, 29, 32, 30, 32, 29, 46, 31, 35, 32, 30, 30, 30, 30, 32, 27, 29, 28, 34, 32, 30, 30, 32, 30, 31, 32, 32, 32, 32, 31, 30, 28, 30, 29, 28, 28, 32, 28, 31, 32, 32, 30, 34, 42, 31, 29, 24, 30, 32, 32, 29, 28, 29, 32, 32, 30, 30, 31, 32, 32, 30, 30, 30, 30, 31, 30, 33, 37, 29, 40, 30, 33, 30, 30, 30]
[23, 26, 18, 21, 21, 29, 18, 31, 23, 25, 19, 25, 24, 22, 29, 21, 37, 26, 36, 36, 64, 32, 42, 27, 53, 24, 48, 23, 19, 32, 32, 26, 21, 36, 21, 21, 21, 21, 21, 26, 41, 49, 21, 21, 34, 20, 21, 66, 21, 32, 21, 18, 24, 0, 17, 25, 19, 10, 19, 18, 21, 25, 19, 27, 26, 46, 21, 33, 26, 24, 26, 28, 20, 21, 20, 20, 20, 32, 21, 22, 24, 21, 21, 20, 28, 21, 21, 21, 21, 19, 21, 20, 19, 21, 24, 24, 19, 21, 25, 21, 19, 27, 39, 21, 26, 17, 23, 28, 21, 26, 21, 22, 31, 29, 21, 28, 20, 30, 25, 21, 20, 19, 24, 20, 21, 30, 37, 25, 42, 20, 33, 20, 22, 24]
[22, 27, 26, 25, 25, 30, 26, 33, 26, 26, 24, 28, 28, 24, 29, 27, 38, 28, 38, 38, 65, 34, 41, 27, 52, 28, 47, 26, 24, 32, 33, 26, 26, 37, 26, 25, 26, 26, 26, 26, 41, 49, 26, 26, 34, 25, 24, 66, 26, 32, 25, 23, 29, 17, 0, 23, 22, 15, 22, 21, 21, 28, 24, 28, 26, 46, 26, 33, 28, 24, 26, 28, 26, 25, 24, 26, 25, 31, 26, 24, 20, 26, 26, 26, 28, 25, 26, 26, 25, 23, 25, 25, 22, 25, 26, 26, 24, 25, 25, 26, 24, 29, 39, 26, 26, 23, 25, 29, 26, 28, 24, 26, 31, 31, 26, 31, 25, 30, 26, 25, 26, 24, 26, 25, 24, 29, 37, 26, 42, 25, 33, 22, 26, 24]
[30, 32, 32, 34, 34, 34, 33, 35, 28, 34, 30, 32, 33, 32, 33, 34, 42, 33, 38, 38, 66, 34, 39, 33, 52, 30, 49, 31, 32, 37, 34, 32, 34, 39, 34, 34, 34, 33, 34, 34, 42, 49, 34, 33, 37, 32, 32, 65, 34, 35, 34, 25, 29, 25, 23, 0, 23, 25, 24, 28, 28, 31, 32, 35, 32, 44, 34, 32, 31, 32, 34, 32, 33, 34, 32, 34, 33, 36, 34, 32, 30, 33, 33, 33, 34, 34, 34, 34, 34, 32, 33, 33, 32, 33, 32, 32, 32, 34, 34, 34, 32, 25, 42, 34, 32, 23, 33, 35, 34, 31, 32, 34, 31, 34, 34, 33, 33, 34, 34, 32, 33, 30, 32, 33, 32, 36, 36, 34, 44, 33, 34, 30, 30, 32]
[25, 27, 23, 25, 27, 31, 24, 28, 24, 25, 25, 27, 26, 23, 27, 26, 38, 26, 35, 35, 64, 33, 42, 24, 49, 27, 49, 25, 25, 35, 32, 27, 27, 35, 25, 27, 27, 26, 27, 27, 41, 49, 27, 27, 30, 26, 25, 61, 25, 32, 25, 18, 25, 19, 22, 23, 0, 19, 24, 25, 25, 27, 25, 28, 27, 46, 27, 31, 27, 25, 25, 26, 25, 26, 23, 25, 25, 32, 27, 23, 25, 26, 26, 26, 28, 26, 26, 26, 27, 26, 23, 24, 24, 23, 25, 26, 23, 27, 27, 27, 26, 28, 39, 27, 26, 19, 24, 29, 26, 27, 23, 25, 32, 28, 25, 28, 26, 26, 27, 25, 25, 25, 27, 26, 23, 30, 37, 26, 40, 25, 31, 24, 25, 25]
[21, 24, 18, 18, 17, 27, 20, 33, 25, 25, 17, 25, 24, 21, 28, 19, 37, 25, 36, 36, 64, 32, 41, 26, 53, 25, 45, 23, 16, 31, 32, 25, 17, 36, 21, 18, 18, 18, 18, 26, 41, 49, 18, 18, 34, 19, 20, 66, 21, 31, 20, 17, 23, 10, 15, 25, 19, 0, 18, 14, 17, 24, 17, 27, 24, 45, 21, 32, 25, 23, 25, 28, 18, 18, 17, 18, 18, 31, 18, 21, 22, 18, 18, 18, 27, 18, 18, 18, 17, 17, 19, 18, 16, 18, 23, 22, 16, 17, 24, 19, 16, 27, 39, 17, 26, 17, 23, 28, 18, 26, 19, 20, 30, 29, 20, 28, 18, 29, 25, 18, 18, 16, 24, 17, 19, 30, 37, 24, 40, 16, 32, 17, 21, 23]
[26, 30, 26, 27, 28, 31, 27, 33, 28, 27, 25, 30, 30, 26, 31, 29, 38, 29, 39, 39, 66, 32, 42, 28, 53, 28, 46, 26, 26, 35, 32, 26, 28, 37, 28, 28, 28, 28, 28, 29, 41, 49, 28, 28, 34, 27, 26, 66, 28, 31, 27, 20, 26, 19, 22, 24, 24, 18, 0, 18, 24, 29, 28, 30, 28, 46, 28, 33, 30, 27, 27, 30, 28, 28, 24, 27, 28, 34, 28, 27, 28, 27, 27, 28, 31, 28, 28, 28, 27, 26, 27, 28, 25, 26, 25, 28, 25, 28, 28, 28, 26, 28, 40, 28, 30, 24, 26, 31, 28, 30, 25, 28, 31, 33, 26, 31, 28, 30, 28, 28, 28, 27, 27, 28, 27, 30, 37, 29, 40, 26, 33, 27, 26, 27]
[25, 28, 18, 16, 14, 27, 22, 35, 27, 23, 16, 27, 25, 20, 30, 18, 40, 26, 39, 39, 66, 32, 43, 29, 53, 26, 47, 23, 14, 35, 32, 26, 14, 37, 21, 13, 14, 14, 14, 26, 43, 49, 14, 18, 36, 19, 21, 68, 21, 32, 18, 20, 27, 18, 21, 28, 25, 14, 18, 0, 14, 25, 18, 27, 24, 47, 21, 33, 26, 24, 26, 30, 18, 17, 18, 14, 22, 32, 18, 22, 25, 14, 14, 14, 28, 16, 14, 14, 14, 17, 18, 17, 15, 14, 24, 23, 16, 13, 24, 19, 12, 32, 41, 15, 28, 24, 23, 28, 14, 26, 20, 22, 30, 30, 18, 32, 18, 30, 23, 14, 18, 14, 26, 14, 20, 29, 35, 26, 43, 15, 33, 18, 22, 24]
[25, 27, 18, 18, 17, 29, 22, 35, 27, 25, 18, 26, 25, 22, 30, 19, 41, 26, 34, 34, 68, 34, 43, 28, 54, 26, 51, 25, 18, 36, 29, 26, 18, 38, 21, 18, 18, 18, 18, 26, 44, 49, 18, 18, 36, 19, 21, 69, 21, 32, 20, 26, 29, 21, 21, 28, 25, 17, 24, 14, 0, 23, 18, 28, 24, 47, 21, 33, 25, 24, 26, 30, 18, 18, 18, 16, 21, 32, 20, 22, 23, 17, 17, 18, 28, 18, 17, 17, 17, 18, 19, 18, 12, 18, 26, 24, 18, 18, 26, 19, 16, 32, 41, 17, 28, 25, 23, 29, 18, 25, 20, 21, 29, 31, 18, 33, 18, 29, 23, 18, 18, 18, 26, 18, 20, 29, 37, 23, 42, 17, 33, 17, 22, 23]
[27, 30, 25, 25, 23, 31, 25, 35, 29, 27, 25, 29, 25, 25, 33, 25, 43, 28, 40, 40, 66, 35, 43, 31, 55, 23, 54, 27, 23, 37, 34, 27, 25, 38, 21, 25, 25, 25, 25, 28, 46, 50, 25, 25, 38, 24, 25, 70, 24, 34, 25, 28, 32, 25, 28, 31, 27, 24, 29, 25, 23, 0, 25, 30, 24, 48, 25, 31, 22, 22, 24, 28, 25, 23, 25, 25, 25, 34, 25, 25, 27, 22, 24, 23, 30, 24, 24, 23, 24, 23, 25, 25, 24, 25, 24, 23, 21, 25, 26, 25, 25, 29, 44, 25, 26, 27, 25, 31, 25, 24, 21, 25, 30, 33, 25, 35, 25, 30, 27, 25, 25, 21, 27, 25, 21, 28, 37, 28, 45, 25, 34, 24, 24, 26]
[20, 25, 18, 18, 18, 31, 20, 32, 25, 25, 18, 26, 23, 22, 30, 19, 40, 24, 35, 35, 64, 34, 41, 27, 53, 24, 51, 25, 18, 35, 29, 27, 18, 32, 20, 18, 17, 18, 18, 25, 43, 49, 18, 18, 34, 19, 21, 66, 21, 34, 20, 26, 30, 19, 24, 32, 25, 17, 28, 18, 18, 25, 0, 28, 24, 46, 21, 31, 26, 20, 22, 26, 14, 18, 18, 18, 16, 30, 19, 22, 22, 17, 17, 18, 28, 18, 17, 18, 18, 18, 19, 17, 18, 18, 24, 20, 12, 18, 24, 17, 18, 30, 40, 18, 26, 24, 23, 29, 18, 26, 20, 18, 31, 29, 20, 32, 18, 28, 25, 18, 16, 16, 22, 17, 16, 30, 36, 21, 42, 18, 31, 16, 18, 24]
[28, 28, 28, 28, 28, 31, 28, 35, 28, 28, 26, 29, 30, 28, 32, 29, 42, 30, 39, 39, 68, 36, 44, 27, 55, 30, 53, 28, 27, 37, 34, 30, 28, 30, 26, 28, 28, 28, 28, 28, 45, 48, 28, 28, 36, 28, 28, 67, 28, 33, 28, 28, 32, 27, 28, 35, 28, 27, 30, 27, 28, 30, 28, 0, 21, 33, 17, 31, 30, 24, 24, 26, 24, 28, 27, 28, 27, 34, 30, 28, 28, 28, 28, 28, 29, 28, 28, 28, 28, 27, 28, 28, 27, 27, 28, 30, 27, 28, 30, 23, 23, 34, 38, 28, 28, 28, 28, 12, 28, 30, 28, 28, 34, 27, 28, 34, 28, 30, 20, 28, 24, 28, 28, 28, 28, 30, 37, 28, 44, 28, 33, 28, 28, 25]
[25, 29, 24, 24, 23, 30, 26, 35, 28, 27, 23, 27, 26, 24, 31, 25, 40, 27, 41, 41, 68, 34, 41, 28, 54, 24, 52, 27, 24, 36, 32, 27, 24, 35, 26, 24, 24, 24, 24, 28, 44, 50, 24, 24, 34, 25, 23, 68, 26, 36, 25, 28, 29, 26, 26, 32, 27, 24, 28, 24, 24, 24, 24, 21, 0, 32, 11, 29, 24, 22, 24, 28, 22, 22, 20, 24, 26, 34, 24, 24, 26, 24, 24, 24, 30, 24, 24, 24, 23, 23, 25, 24, 24, 24, 26, 24, 24, 23, 26, 23, 22, 29, 40, 24, 26, 27, 25, 29, 24, 24, 24, 24, 30, 31, 26, 33, 24, 32, 27, 24, 22, 24, 28, 24, 24, 29, 36, 28, 43, 24, 33, 24, 26, 15]
[46, 43, 44, 46, 47, 50, 44, 45, 42, 46, 46, 45, 48, 45, 45, 45, 49, 45, 48, 48, 65, 46, 46, 44, 57, 45, 53, 46, 47, 46, 47, 46, 48, 44, 44, 45, 46, 46, 46, 46, 43, 51, 46, 46, 44, 46, 45, 64, 48, 48, 48, 46, 46, 46, 46, 44, 46, 45, 46, 47, 47, 48, 46, 33, 32, 0, 35, 42, 45, 42, 42, 42, 42, 45, 44, 46, 45, 46, 46, 43, 45, 47, 47, 46, 46, 46, 47, 46, 46, 46, 46, 48, 47, 47, 46, 46, 46, 47, 46, 44, 44, 44, 42, 47, 46, 46, 46, 44, 46, 47, 45, 45, 45, 42, 44, 45, 48, 46, 41, 46, 42, 44, 46, 47, 46, 50, 49, 45, 48, 48, 48, 46, 46, 33]
[25, 26, 21, 21, 21, 31, 21, 33, 27, 25, 21, 26, 25, 22, 32, 22, 42, 26, 39, 39, 68, 34, 44, 29, 55, 26, 52, 25, 21, 35, 32, 29, 19, 34, 19, 21, 21, 21, 21, 26, 45, 50, 21, 21, 34, 21, 21, 69, 21, 34, 21, 28, 31, 21, 26, 34, 27, 21, 28, 21, 21, 25, 21, 17, 11, 35, 0, 27, 24, 20, 22, 26, 17, 21, 21, 19, 22, 32, 23, 22, 25, 21, 19, 21, 29, 21, 21, 21, 21, 21, 21, 21, 20, 21, 26, 25, 21, 21, 26, 17, 17, 32, 40, 21, 28, 26, 23, 25, 21, 24, 21, 20, 30, 27, 21, 33, 21, 30, 22, 19, 17, 21, 26, 21, 21, 28, 37, 25, 44, 21, 33, 20, 21, 13]
[31, 33, 31, 33, 33, 35, 32, 35, 33, 31, 31, 32, 30, 31, 30, 29, 38, 29, 39, 39, 65, 33, 35, 28, 47, 26, 53, 33, 32, 37, 33, 33, 31, 34, 28, 31, 32, 32, 32, 33, 44, 49, 31, 31, 34, 33, 27, 51, 33, 36, 33, 33, 35, 33, 33, 32, 31, 32, 33, 33, 33, 31, 31, 31, 29, 42, 27, 0, 23, 25, 25, 27, 25, 33, 33, 33, 31, 34, 31, 30, 33, 33, 32, 32, 34, 33, 33, 32, 33, 33, 32, 33, 32, 32, 33, 31, 31, 33, 31, 26, 29, 25, 39, 33, 31, 32, 29, 30, 31, 32, 33, 29, 29, 29, 33, 30, 33, 30, 32, 29, 22, 31, 33, 32, 33, 30, 36, 31, 43, 32, 35, 30, 31, 31]
[27, 29, 24, 26, 23, 31, 26, 36, 28, 27, 24, 25, 25, 24, 31, 21, 41, 26, 38, 38, 64, 33, 38, 28, 51, 22, 53, 27, 24, 35, 31, 27, 24, 35, 22, 24, 24, 26, 24, 27, 45, 49, 23, 24, 34, 26, 22, 57, 26, 35, 26, 28, 32, 26, 28, 31, 27, 25, 30, 26, 25, 22, 26, 30, 24, 45, 24, 23, 0, 22, 24, 28, 22, 25, 24, 26, 25, 32, 24, 23, 25, 24, 25, 23, 31, 25, 26, 25, 24, 25, 26, 26, 25, 26, 28, 26, 26, 23, 24, 24, 26, 26, 42, 25, 24, 28, 23, 31, 26, 24, 26, 18, 23, 30, 26, 33, 26, 29, 27, 21, 19, 24, 26, 25, 26, 22, 35, 24, 45, 26, 33, 23, 26, 25]
[22, 28, 22, 24, 24, 31, 24, 32, 26, 25, 21, 28, 26, 22, 30, 23, 38, 25, 37, 37, 66, 34, 41, 27, 51, 26, 51, 25, 24, 35, 32, 27, 24, 25, 12, 24, 24, 24, 24, 24, 41, 49, 24, 24, 31, 24, 21, 63, 24, 34, 24, 25, 30, 24, 24, 32, 25, 23, 27, 24, 24, 22, 20, 24, 22, 42, 20, 25, 22, 0, 4, 8, 14, 24, 22, 24, 20, 32, 24, 22, 24, 24, 24, 23, 29, 24, 24, 24, 24, 24, 24, 24, 24, 24, 18, 20, 18, 24, 24, 16, 20, 28, 38, 24, 26, 24, 23, 25, 24, 26, 16, 20, 32, 20, 24, 30, 24, 28, 25, 22, 12, 16, 24, 23, 18, 30, 37, 22, 40, 24, 30, 20, 22, 22]
[22, 28, 24, 26, 24, 31, 26, 32, 27, 25, 23, 28, 28, 24, 30, 25, 38, 26, 37, 37, 66, 34, 41, 25, 51, 28, 51, 25, 26, 35, 32, 28, 26, 25, 14, 26, 26, 26, 26, 26, 41, 50, 26, 26, 32, 26, 23, 63, 26, 34, 26, 26, 30, 26, 26, 34, 25, 25, 27, 26, 26, 24, 22, 24, 24, 42, 22, 25, 24, 4, 0, 8, 16, 26, 24, 26, 24, 32, 26, 24, 26, 26, 26, 25, 29, 26, 26, 26, 26, 26, 26, 26, 26, 26, 18, 22, 20, 26, 26, 20, 22, 28, 38, 26, 28, 25, 24, 25, 26, 28, 18, 20, 32, 23, 26, 30, 26, 28, 26, 24, 16, 18, 24, 25, 20, 30, 37, 22, 40, 26, 31, 20, 24, 24]
[22, 28, 28, 30, 28, 32, 28, 33, 28, 28, 27, 29, 30, 28, 30, 29, 38, 30, 37, 37, 65, 34, 40, 29, 51, 32, 51, 28, 30, 35, 32, 30, 30, 27, 18, 30, 29, 30, 30, 28, 41, 49, 30, 30, 31, 30, 27, 61, 30, 34, 30, 29, 30, 28, 28, 32, 26, 28, 30, 30, 30, 28, 26, 26, 28, 42, 26, 27, 28, 8, 8, 0, 20, 30, 28, 30, 27, 32, 30, 28, 28, 30, 30, 29, 30, 30, 30, 30, 30, 30, 30, 30, 30, 30, 24, 22, 20, 30, 28, 24, 26, 29, 38, 30, 28, 28, 28, 26, 30, 32, 22, 24, 32, 23, 30, 31, 30, 28, 30, 28, 20, 22, 28, 29, 20, 32, 37, 26, 40, 30, 31, 24, 26, 28]
[24, 26, 18, 18, 17, 30, 20, 33, 25, 25, 18, 26, 23, 22, 30, 18, 40, 24, 37, 37, 66, 34, 42, 27, 53, 22, 49, 25, 18, 34, 32, 27, 18, 26, 10, 18, 18, 18, 18, 26, 42, 49, 18, 18, 33, 19, 18, 64, 21, 34, 20, 26, 30, 20, 26, 33, 25, 18, 28, 18, 18, 25, 14, 24, 22, 42, 17, 25, 22, 14, 16, 20, 0, 18, 17, 18, 14, 32, 20, 22, 25, 18, 18, 17, 29, 18, 18, 17, 18, 18, 19, 18, 18, 18, 24, 23, 18, 18, 24, 13, 12, 28, 37, 18, 26, 22, 23, 25, 18, 26, 20, 16, 32, 22, 20, 31, 18, 28, 21, 17, 6, 16, 20, 17, 19, 30, 36, 18, 42, 18, 30, 16, 18, 24]
[25, 28, 18, 17, 16, 29, 22, 35, 27, 24, 17, 26, 25, 21, 31, 18, 41, 25, 37, 37, 64, 30, 44, 28, 55, 24, 51, 23, 17, 35, 31, 26, 16, 38, 21, 17, 17, 17, 17, 26, 44, 50, 17, 18, 36, 19, 21, 69, 21, 33, 19, 27, 32, 21, 25, 34, 26, 18, 28, 17, 18, 23, 18, 28, 22, 45, 21, 33, 25, 24, 26, 30, 18, 0, 15, 17, 22, 31, 19, 22, 24, 13, 15, 14, 18, 8, 13, 12, 13, 9, 19, 17, 16, 17, 24, 23, 17, 17, 25, 19, 16, 32, 39, 15, 27, 24, 23, 29, 15, 24, 20, 22, 32, 31, 20, 33, 16, 30, 25, 17, 18, 17, 26, 17, 20, 30, 33, 25, 43, 17, 31, 18, 22, 24]
[21, 26, 18, 16, 15, 29, 22, 33, 25, 23, 16, 25, 25, 17, 29, 19, 38, 26, 36, 36, 62, 31, 41, 24, 52, 26, 50, 20, 14, 35, 32, 24, 18, 37, 21, 18, 18, 18, 18, 26, 42, 48, 18, 18, 34, 19, 18, 66, 21, 29, 16, 24, 27, 20, 24, 32, 23, 17, 24, 18, 18, 25, 18, 27, 20, 44, 21, 33, 24, 22, 24, 28, 17, 15, 0, 18, 20, 28, 19, 18, 22, 14, 16, 14, 26, 16, 15, 15, 14, 16, 18, 18, 15, 17, 21, 23, 16, 17, 24, 19, 17, 31, 39, 17, 26, 21, 21, 28, 18, 26, 14, 20, 32, 29, 20, 30, 18, 28, 25, 17, 17, 17, 24, 18, 18, 30, 34, 24, 39, 18, 30, 18, 22, 22]
[25, 26, 16, 18, 14, 29, 20, 33, 27, 23, 16, 26, 25, 22, 32, 18, 40, 26, 39, 39, 66, 34, 44, 29, 53, 26, 51, 25, 14, 36, 31, 27, 14, 38, 21, 14, 14, 14, 14, 26, 45, 49, 14, 18, 35, 19, 21, 69, 21, 34, 20, 27, 29, 20, 26, 34, 25, 18, 27, 14, 16, 25, 18, 28, 24, 46, 19, 33, 26, 24, 26, 30, 18, 17, 18, 0, 22, 34, 18, 22, 25, 14, 14, 13, 27, 16, 14, 14, 14, 17, 17, 15, 15, 12, 26, 23, 16, 14, 24, 19, 14, 32, 42, 15, 28, 25, 22, 28, 14, 16, 20, 22, 29, 31, 20, 33, 18, 30, 25, 15, 18, 14, 26, 14, 18, 30, 37, 24, 42, 15, 32, 18, 20, 24]
[24, 24, 22, 21, 21, 30, 20, 33, 25, 25, 20, 26, 25, 22, 30, 22, 38, 26, 37, 37, 65, 33, 41, 27, 53, 26, 49, 24, 21, 35, 32, 28, 22, 30, 20, 22, 22, 22, 22, 26, 43, 48, 22, 22, 34, 22, 22, 63, 22, 33, 21, 26, 28, 20, 25, 33, 25, 18, 28, 22, 21, 25, 16, 27, 26, 45, 22, 31, 25, 20, 24, 27, 14, 22, 20, 22, 0, 32, 22, 22, 24, 22, 21, 21, 29, 22, 22, 22, 20, 22, 22, 22, 20, 21, 22, 23, 19, 21, 26, 20, 22, 27, 38, 21, 26, 24, 23, 27, 22, 26, 21, 17, 32, 25, 22, 32, 21, 30, 25, 21, 14, 19, 20, 21, 22, 30, 37, 20, 42, 22, 29, 19, 20, 24]
[30, 34, 34, 28, 32, 34, 32, 34, 32, 28, 30, 30, 35, 27, 32, 31, 36, 31, 36, 36, 58, 36, 36, 29, 48, 30, 48, 27, 30, 33, 31, 31, 32, 38, 34, 33, 34, 33, 32, 34, 44, 50, 32, 33, 34, 34, 30, 59, 30, 35, 28, 32, 34, 32, 31, 36, 32, 31, 34, 32, 32, 34, 30, 34, 34, 46, 32, 34, 32, 32, 32, 32, 32, 31, 28, 34, 32, 0, 24, 16, 25, 32, 32, 32, 33, 31, 32, 33, 33, 33, 31, 34, 30, 32, 31, 32, 30, 31, 26, 34, 33, 35, 40, 32, 30, 31, 26, 32, 32, 36, 28, 31, 34, 34, 31, 32, 33, 32, 34, 31, 32, 31, 33, 33, 29, 35, 37, 32, 42, 32, 34, 32, 33, 32]
[25, 28, 20, 20, 16, 30, 22, 35, 27, 21, 15, 25, 22, 21, 31, 16, 35, 26, 38, 38, 64, 34, 40, 25, 51, 21, 51, 24, 16, 33, 28, 23, 16, 38, 23, 18, 16, 17, 16, 28, 45, 50, 16, 20, 36, 21, 20, 61, 23, 35, 22, 28, 32, 21, 26, 34, 27, 18, 28, 18, 20, 25, 19, 30, 24, 46, 23, 31, 24, 24, 26, 30, 20, 19, 19, 18, 22, 24, 0, 12, 20, 16, 18, 16, 30, 18, 16, 18, 16, 19, 21, 19, 18, 18, 26, 21, 17, 16, 17, 20, 16, 31, 42, 18, 28, 26, 20, 31, 17, 26, 20, 23, 30, 29, 22, 29, 20, 26, 27, 18, 19, 17, 26, 16, 20, 28, 37, 28, 44, 18, 32, 20, 23, 24]
[23, 26, 22, 20, 20, 29, 22, 33, 25, 21, 18, 23, 25, 18, 29, 19, 32, 26, 38, 38, 60, 32, 38, 22, 49, 26, 51, 21, 19, 31, 26, 23, 22, 37, 22, 22, 22, 22, 20, 26, 41, 49, 20, 22, 34, 22, 19, 59, 21, 31, 20, 24, 30, 22, 24, 32, 23, 21, 27, 22, 22, 25, 22, 28, 24, 43, 22, 30, 23, 22, 24, 28, 22, 22, 18, 22, 22, 16, 12, 0, 15, 20, 20, 20, 27, 20, 20, 22, 21, 22, 20, 22, 20, 20, 22, 23, 18, 22, 17, 20, 22, 31, 39, 22, 26, 23, 20, 29, 22, 26, 17, 22, 28, 29, 20, 28, 22, 28, 25, 22, 20, 19, 26, 21, 18, 27, 37, 25, 40, 20, 29, 22, 22, 22]
[23, 27, 25, 24, 23, 30, 25, 32, 25, 25, 21, 26, 27, 20, 29, 24, 38, 28, 36, 36, 61, 32, 40, 27, 48, 27, 49, 25, 24, 33, 30, 26, 25, 37, 25, 25, 25, 25, 25, 26, 43, 50, 25, 25, 34, 24, 21, 64, 25, 34, 24, 27, 30, 24, 20, 30, 25, 22, 28, 25, 23, 27, 22, 28, 26, 45, 25, 33, 25, 24, 26, 28, 25, 24, 22, 25, 24, 25, 20, 15, 0, 23, 23, 24, 26, 23, 24, 22, 23, 24, 23, 25, 24, 25, 26, 25, 23, 25, 21, 23, 25, 32, 38, 24, 25, 26, 22, 29, 25, 27, 22, 25, 31, 30, 25, 31, 25, 27, 25, 25, 23, 19, 26, 23, 23, 27, 37, 26, 43, 25, 30, 21, 25, 24]
[23, 28, 18, 15, 8, 29, 22, 35, 27, 23, 16, 27, 23, 21, 31, 18, 41, 26, 37, 37, 66, 33, 44, 27, 55, 24, 52, 24, 10, 37, 31, 25, 10, 38, 21, 14, 10, 12, 10, 26, 44, 50, 10, 18, 36, 19, 21, 69, 21, 32, 17, 27, 32, 21, 26, 33, 26, 18, 27, 14, 17, 22, 17, 28, 24, 47, 21, 33, 24, 24, 26, 30, 18, 13, 14, 14, 22, 32, 16, 20, 23, 0, 4, 6, 25, 12, 9, 9, 7, 13, 18, 16, 15, 13, 25, 23, 16, 10, 24, 19, 11, 31, 40, 15, 26, 25, 23, 29, 12, 25, 18, 22, 32, 31, 19, 33, 18, 30, 25, 15, 18, 14, 26, 11, 20, 30, 36, 25, 43, 15, 32, 18, 22, 24]
[23, 28, 18, 16, 12, 29, 22, 35, 27, 23, 16, 27, 25, 21, 31, 18, 41, 26, 37, 37, 66, 34, 44, 27, 54, 26, 52, 24, 12, 36, 31, 27, 14, 37, 21, 14, 14, 14, 14, 26, 44, 50, 14, 18, 34, 19, 21, 68, 21, 32, 18, 28, 30, 21, 26, 33, 26, 18, 27, 14, 17, 24, 17, 28, 24, 47, 19, 32, 25, 24, 26, 30, 18, 15, 16, 14, 21, 32, 18, 20, 23, 4, 0, 10, 28, 16, 12, 13, 11, 17, 18, 17, 15, 14, 25, 23, 16, 14, 24, 18, 14, 31, 40, 15, 26, 26, 22, 28, 14, 26, 18, 22, 31, 29, 19, 34, 18, 30, 25, 15, 17, 14, 26, 14, 20, 28, 36, 25, 44, 15, 32, 18, 22, 24]
[23, 27, 17, 15, 7, 29, 21, 34, 26, 23, 16, 27, 23, 21, 31, 17, 41, 24, 37, 37, 66, 33, 43, 27, 54, 22, 52, 23, 8, 36, 32, 25, 10, 37, 20, 14, 10, 12, 10, 26, 44, 50, 10, 18, 35, 19, 21, 68, 21, 32, 17, 27, 31, 20, 26, 33, 26, 18, 28, 14, 18, 23, 18, 28, 24, 46, 21, 32, 23, 23, 25, 29, 17, 14, 14, 13, 21, 32, 16, 20, 24, 6, 10, 0, 23, 12, 9, 8, 6, 14, 18, 16, 15, 13, 25, 23, 16, 8, 24, 19, 11, 31, 40, 15, 26, 25, 23, 29, 12, 25, 18, 21, 32, 30, 19, 33, 17, 29, 25, 14, 17, 13, 25, 11, 20, 30, 34, 25, 43, 15, 30, 17, 21, 24]
[27, 29, 29, 26, 27, 31, 29, 35, 29, 28, 29, 30, 31, 29, 32, 30, 41, 28, 39, 39, 65, 34, 44, 29, 53, 28, 52, 26, 27, 37, 34, 31, 29, 39, 29, 28, 29, 29, 29, 29, 44, 50, 29, 29, 36, 29, 29, 69, 28, 34, 26, 29, 32, 28, 28, 34, 28, 27, 31, 28, 28, 30, 28, 29, 30, 46, 29, 34, 31, 29, 29, 30, 29, 18, 26, 27, 29, 33, 30, 27, 26, 25, 28, 23, 0, 18, 24, 20, 23, 20, 27, 29, 28, 29, 29, 31, 29, 28, 29, 29, 29, 32, 39, 27, 29, 28, 29, 29, 29, 29, 28, 29, 33, 31, 29, 32, 29, 30, 28, 28, 29, 27, 29, 29, 29, 31, 35, 29, 43, 29, 33, 29, 29, 29]
[24, 28, 18, 15, 15, 29, 22, 35, 27, 24, 16, 26, 25, 18, 31, 18, 41, 25, 36, 36, 66, 32, 44, 28, 54, 24, 52, 23, 15, 35, 31, 26, 12, 38, 21, 16, 16, 16, 16, 26, 44, 50, 16, 18, 36, 19, 21, 69, 21, 31, 17, 27, 32, 21, 25, 34, 26, 18, 28, 16, 18, 24, 18, 28, 24, 46, 21, 33, 25, 24, 26, 30, 18, 8, 16, 16, 22, 31, 18, 20, 23, 12, 16, 12, 18, 0, 13, 11, 12, 10, 19, 17, 16, 16, 24, 23, 16, 16, 24, 19, 16, 32, 38, 16, 27, 25, 23, 29, 14, 24, 18, 22, 32, 31, 20, 33, 18, 30, 25, 16, 18, 15, 24, 16, 20, 30, 35, 25, 43, 16, 31, 18, 22, 24]
[23, 28, 18, 16, 11, 29, 22, 35, 27, 23, 16, 27, 24, 21, 31, 18, 41, 24, 38, 38, 66, 33, 44, 27, 55, 24, 53, 24, 10, 37, 31, 27, 11, 38, 21, 14, 11, 12, 11, 26, 44, 49, 11, 18, 36, 19, 20, 69, 21, 32, 18, 27, 32, 21, 26, 34, 26, 18, 28, 14, 17, 24, 17, 28, 24, 47, 21, 33, 26, 24, 26, 30, 18, 13, 15, 14, 22, 32, 16, 20, 24, 9, 12, 9, 24, 13, 0, 11, 9, 14, 18, 16, 15, 13, 25, 23, 16, 11, 24, 19, 11, 32, 39, 15, 27, 25, 23, 29, 12, 26, 18, 22, 32, 31, 19, 33, 17, 30, 25, 15, 18, 13, 26, 11, 20, 30, 33, 25, 43, 15, 32, 18, 22, 24]
[24, 28, 18, 16, 12, 30, 21, 34, 27, 25, 16, 27, 24, 20, 31, 18, 41, 26, 36, 36, 66, 32, 43, 28, 54, 24, 52, 23, 13, 34, 31, 26, 13, 38, 20, 14, 13, 13, 13, 25, 44, 50, 13, 18, 36, 19, 20, 67, 21, 33, 18, 27, 32, 21, 26, 34, 26, 18, 28, 14, 17, 23, 18, 28, 24, 46, 21, 32, 25, 24, 26, 30, 17, 12, 15, 14, 22, 33, 18, 22, 22, 9, 13, 8, 20, 11, 11, 0, 8, 12, 17, 16, 15, 13, 24, 23, 16, 13, 24, 19, 13, 32, 39, 15, 27, 24, 23, 29, 13, 24, 19, 22, 32, 31, 19, 32, 18, 29, 25, 15, 17, 14, 26, 13, 20, 29, 36, 25, 41, 15, 28, 18, 22, 24]
[24, 27, 18, 16, 7, 29, 22, 35, 27, 24, 16, 27, 23, 19, 31, 18, 41, 26, 37, 37, 65, 32, 43, 28, 54, 24, 51, 23, 9, 37, 32, 26, 10, 38, 21, 14, 10, 12, 10, 26, 45, 50, 10, 18, 36, 19, 20, 68, 21, 33, 18, 28, 31, 21, 25, 34, 27, 17, 27, 14, 17, 24, 18, 28, 23, 46, 21, 33, 24, 24, 26, 30, 18, 13, 14, 14, 20, 33, 16, 21, 23, 7, 11, 6, 23, 12, 9, 8, 0, 13, 17, 16, 14, 13, 23, 23, 16, 9, 24, 19, 11, 31, 39, 15, 27, 26, 23, 29, 12, 23, 19, 21, 32, 31, 19, 33, 17, 30, 25, 14, 18, 13, 26, 11, 20, 30, 36, 24, 43, 15, 31, 18, 22, 24]
[25, 27, 18, 16, 16, 30, 22, 35, 27, 24, 17, 26, 25, 19, 31, 18, 39, 25, 37, 37, 62, 28, 44, 28, 55, 24, 52, 21, 16, 37, 31, 24, 15, 38, 21, 17, 17, 17, 17, 26, 44, 49, 17, 18, 36, 19, 21, 68, 21, 31, 18, 25, 30, 19, 23, 32, 26, 17, 26, 17, 18, 23, 18, 27, 23, 46, 21, 33, 25, 24, 26, 30, 18, 9, 16, 17, 22, 33, 19, 22, 24, 13, 17, 14, 20, 10, 14, 12, 13, 0, 19, 17, 17, 17, 22, 23, 17, 17, 24, 19, 15, 32, 39, 17, 27, 23, 23, 28, 17, 24, 20, 22, 32, 31, 20, 32, 18, 30, 25, 17, 18, 17, 24, 17, 20, 30, 35, 25, 43, 16, 30, 18, 22, 24]
[24, 28, 19, 16, 18, 30, 22, 35, 27, 25, 19, 26, 25, 18, 30, 20, 38, 24, 37, 37, 64, 32, 44, 27, 55, 24, 53, 23, 16, 36, 31, 27, 18, 38, 21, 19, 19, 19, 19, 26, 45, 49, 19, 19, 36, 19, 21, 68, 19, 31, 18, 25, 28, 21, 25, 33, 23, 19, 27, 18, 19, 25, 19, 28, 25, 46, 21, 32, 26, 24, 26, 30, 19, 19, 18, 17, 22, 31, 21, 20, 23, 18, 18, 18, 27, 19, 18, 17, 17, 19, 0, 17, 18, 11, 22, 23, 17, 19, 26, 19, 18, 31, 40, 18, 26, 20, 21, 29, 19, 24, 19, 22, 32, 31, 16, 30, 19, 30, 24, 19, 19, 18, 26, 19, 18, 30, 35, 26, 42, 9, 31, 19, 22, 24]
[24, 27, 18, 17, 17, 30, 22, 34, 27, 25, 17, 27, 25, 22, 32, 18, 42, 26, 38, 38, 67, 34, 43, 29, 54, 26, 53, 25, 16, 36, 30, 27, 17, 38, 21, 17, 16, 17, 17, 24, 45, 49, 17, 18, 36, 19, 21, 68, 21, 34, 19, 26, 30, 20, 25, 33, 24, 18, 28, 17, 18, 25, 17, 28, 24, 48, 21, 33, 26, 24, 26, 30, 18, 17, 18, 15, 22, 34, 19, 22, 25, 16, 17, 16, 29, 17, 16, 16, 16, 17, 17, 0, 17, 15, 26, 23, 16, 17, 25, 19, 17, 32, 41, 17, 28, 25, 23, 29, 17, 24, 20, 22, 31, 29, 19, 34, 18, 30, 25, 17, 18, 17, 26, 17, 20, 30, 34, 25, 43, 16, 33, 18, 22, 24]
[25, 27, 18, 17, 14, 29, 22, 35, 27, 24, 16, 25, 25, 20, 31, 18, 40, 26, 39, 39, 65, 32, 43, 27, 54, 26, 51, 23, 13, 36, 32, 25, 15, 38, 21, 15, 15, 15, 15, 26, 45, 49, 15, 18, 36, 19, 20, 68, 20, 32, 18, 26, 29, 19, 22, 32, 24, 16, 25, 15, 12, 24, 18, 27, 24, 47, 20, 32, 25, 24, 26, 30, 18, 16, 15, 15, 20, 30, 18, 20, 24, 15, 15, 15, 28, 16, 15, 15, 14, 17, 18, 17, 0, 15, 24, 23, 15, 15, 23, 19, 15, 31, 41, 15, 28, 24, 23, 28, 15, 25, 18, 21, 32, 31, 19, 32, 17, 29, 24, 15, 18, 15, 26, 15, 19, 29, 36, 25, 42, 11, 33, 17, 22, 23]
[25, 28, 18, 16, 13, 31, 22, 35, 25, 25, 16, 26, 25, 20, 30, 18, 40, 24, 39, 39, 64, 32, 44, 27, 55, 24, 53, 23, 11, 36, 31, 27, 12, 38, 21, 14, 13, 13, 13, 26, 45, 49, 13, 18, 36, 19, 21, 68, 19, 32, 18, 25, 28, 21, 25, 33, 23, 18, 26, 14, 18, 25, 18, 27, 24, 47, 21, 32, 26, 24, 26, 30, 18, 17, 17, 12, 21, 32, 18, 20, 25, 13, 14, 13, 29, 16, 13, 13, 13, 17, 11, 15, 15, 0, 24, 21, 14, 13, 24, 19, 13, 31, 41, 15, 26, 22, 21, 28, 13, 24, 18, 22, 32, 30, 18, 32, 16, 30, 25, 15, 18, 14, 26, 13, 18, 30, 35, 26, 42, 9, 33, 18, 22, 24]
[25, 28, 26, 23, 25, 31, 26, 32, 27, 25, 24, 28, 28, 22, 30, 27, 38, 27, 37, 37, 62, 30, 39, 27, 53, 28, 50, 22, 23, 35, 32, 26, 26, 34, 20, 26, 26, 26, 26, 26, 43, 49, 26, 26, 34, 24, 24, 66, 24, 31, 23, 24, 28, 24, 26, 32, 25, 23, 25, 24, 26, 24, 24, 28, 26, 46, 26, 33, 28, 18, 18, 24, 24, 24, 21, 26, 22, 31, 26, 22, 26, 25, 25, 25, 29, 24, 25, 24, 23, 22, 22, 26, 24, 24, 0, 22, 14, 26, 28, 24, 24, 32, 39, 24, 28, 23, 24, 28, 26, 28, 15, 24, 32, 31, 24, 32, 26, 30, 26, 26, 24, 16, 24, 25, 18, 30, 37, 26, 40, 24, 29, 24, 24, 24]
[23, 27, 23, 24, 23, 31, 24, 34, 26, 27, 22, 26, 24, 24, 28, 23, 38, 25, 38, 38, 65, 34, 41, 27, 54, 23, 53, 27, 20, 37, 31, 25, 23, 35, 22, 23, 22, 23, 23, 27, 43, 49, 23, 24, 34, 25, 23, 66, 25, 34, 25, 26, 32, 24, 26, 32, 26, 22, 28, 23, 24, 23, 20, 30, 24, 46, 25, 31, 26, 20, 22, 22, 23, 23, 23, 23, 23, 32, 21, 23, 25, 23, 23, 23, 31, 23, 23, 23, 23, 23, 23, 23, 23, 21, 22, 0, 17, 23, 25, 25, 23, 30, 41, 23, 27, 23, 24, 31, 23, 26, 17, 23, 31, 30, 25, 30, 24, 31, 27, 23, 23, 17, 25, 22, 19, 30, 34, 28, 38, 21, 33, 23, 23, 24]
[19, 25, 18, 16, 16, 31, 20, 31, 25, 25, 16, 24, 23, 20, 28, 17, 38, 22, 36, 36, 63, 32, 40, 24, 53, 23, 51, 23, 14, 35, 32, 25, 16, 36, 17, 16, 15, 16, 16, 25, 43, 49, 16, 18, 34, 19, 21, 65, 19, 31, 18, 23, 28, 19, 24, 32, 23, 16, 25, 16, 18, 21, 12, 27, 24, 46, 21, 31, 26, 18, 20, 20, 18, 17, 16, 16, 19, 30, 17, 18, 23, 16, 16, 16, 29, 16, 16, 16, 16, 17, 17, 16, 15, 14, 14, 17, 0, 16, 24, 19, 16, 30, 39, 16, 24, 22, 21, 28, 16, 26, 12, 20, 31, 29, 18, 30, 18, 28, 25, 16, 18, 10, 22, 15, 8, 30, 36, 25, 40, 15, 31, 18, 20, 22]
[25, 27, 18, 17, 9, 30, 21, 33, 27, 23, 14, 27, 21, 21, 29, 18, 41, 26, 37, 37, 65, 32, 39, 26, 52, 24, 50, 24, 9, 37, 30, 26, 10, 38, 20, 13, 10, 12, 10, 26, 45, 50, 10, 17, 35, 19, 18, 67, 21, 34, 19, 28, 31, 21, 25, 34, 27, 17, 28, 13, 18, 25, 18, 28, 23, 47, 21, 33, 23, 24, 26, 30, 18, 17, 17, 14, 21, 31, 16, 22, 25, 10, 14, 8, 28, 16, 11, 13, 9, 17, 19, 17, 15, 13, 26, 23, 16, 0, 22, 19, 11, 32, 42, 15, 28, 26, 19, 25, 12, 26, 20, 21, 32, 31, 20, 33, 18, 28, 25, 14, 18, 14, 26, 11, 20, 30, 37, 25, 44, 15, 33, 18, 22, 24]
[25, 28, 26, 24, 24, 29, 26, 35, 27, 25, 22, 26, 26, 24, 31, 22, 36, 28, 41, 41, 63, 34, 39, 28, 51, 26, 51, 25, 24, 35, 31, 27, 24, 35, 24, 24, 24, 24, 24, 28, 45, 50, 24, 25, 34, 25, 22, 60, 26, 36, 24, 29, 32, 25, 25, 34, 27, 24, 28, 24, 26, 26, 24, 30, 26, 46, 26, 31, 24, 24, 26, 28, 24, 25, 24, 24, 26, 26, 17, 17, 21, 24, 24, 24, 29, 24, 24, 24, 24, 24, 26, 25, 23, 24, 28, 25, 24, 22, 0, 25, 24, 32, 41, 24, 28, 28, 25, 31, 24, 26, 22, 26, 32, 31, 26, 33, 26, 31, 27, 24, 24, 24, 27, 24, 24, 28, 37, 26, 44, 24, 34, 26, 25, 26]
[25, 28, 19, 19, 19, 31, 22, 35, 27, 25, 19, 28, 25, 22, 32, 20, 42, 26, 39, 39, 67, 34, 44, 29, 54, 26, 52, 25, 19, 37, 32, 27, 19, 31, 19, 18, 19, 19, 19, 26, 45, 48, 19, 19, 36, 19, 21, 66, 21, 34, 20, 28, 32, 21, 26, 34, 27, 19, 28, 19, 19, 25, 17, 23, 23, 44, 17, 26, 24, 16, 20, 24, 13, 19, 19, 19, 20, 34, 20, 20, 23, 19, 18, 19, 29, 19, 19, 19, 19, 19, 19, 19, 19, 19, 24, 25, 19, 19, 25, 0, 15, 30, 40, 19, 27, 26, 22, 22, 19, 26, 20, 20, 31, 25, 20, 33, 19, 28, 21, 19, 8, 19, 24, 19, 19, 29, 37, 24, 42, 19, 27, 17, 19, 24]
[25, 28, 18, 18, 11, 31, 22, 35, 27, 25, 16, 27, 24, 22, 32, 18, 40, 26, 39, 39, 66, 32, 44, 29, 55, 25, 53, 23, 11, 36, 32, 25, 11, 34, 18, 14, 11, 12, 11, 26, 44, 48, 11, 18, 36, 19, 20, 68, 20, 32, 20, 26, 30, 19, 24, 32, 26, 16, 26, 12, 16, 25, 18, 23, 22, 44, 17, 29, 26, 20, 22, 26, 12, 16, 17, 14, 22, 33, 16, 22, 25, 11, 14, 11, 29, 16, 11, 13, 11, 15, 18, 17, 15, 13, 24, 23, 16, 11, 24, 15, 0, 32, 39, 14, 27, 23, 23, 24, 12, 26, 20, 22, 32, 27, 9, 34, 16, 30, 19, 15, 12, 14, 26, 11, 20, 30, 36, 25, 44, 14, 32, 18, 22, 24]
[27, 34, 28, 31, 31, 34, 30, 35, 29, 32, 30, 33, 32, 31, 34, 31, 42, 29, 39, 39, 67, 34, 40, 31, 53, 27, 50, 32, 31, 38, 33, 34, 32, 36, 28, 30, 31, 31, 31, 32, 40, 47, 31, 31, 35, 30, 30, 60, 31, 35, 31, 29, 34, 27, 29, 25, 28, 27, 28, 32, 32, 29, 30, 34, 29, 44, 32, 25, 26, 28, 28, 29, 28, 32, 31, 32, 27, 35, 31, 31, 32, 31, 31, 31, 32, 32, 32, 32, 31, 32, 31, 32, 31, 31, 32, 30, 30, 32, 32, 30, 32, 0, 42, 32, 29, 25, 29, 33, 32, 31, 31, 28, 29, 32, 31, 28, 32, 31, 32, 30, 26, 30, 29, 31, 31, 34, 37, 30, 43, 31, 33, 29, 27, 32]
[38, 34, 36, 40, 41, 43, 30, 34, 34, 39, 38, 41, 42, 38, 38, 42, 40, 41, 40, 40, 63, 40, 44, 36, 53, 42, 50, 38, 40, 42, 42, 42, 42, 43, 39, 36, 38, 36, 36, 32, 34, 41, 36, 35, 33, 36, 37, 64, 42, 42, 40, 39, 42, 39, 39, 42, 39, 39, 40, 41, 41, 44, 40, 38, 40, 42, 40, 39, 42, 38, 38, 38, 37, 39, 39, 42, 38, 40, 42, 39, 38, 40, 40, 40, 39, 38, 39, 39, 39, 39, 40, 41, 41, 41, 39, 41, 39, 42, 41, 40, 39, 42, 0, 41, 40, 40, 39, 38, 36, 44, 39, 41, 41, 40, 40, 39, 41, 38, 36, 41, 37, 38, 41, 41, 39, 43, 42, 40, 43, 41, 40, 42, 41, 36]
[25, 27, 18, 15, 14, 30, 22, 35, 27, 25, 16, 27, 25, 22, 31, 18, 41, 26, 39, 39, 68, 34, 43, 28, 54, 26, 52, 25, 15, 37, 32, 27, 15, 38, 21, 15, 15, 15, 15, 26, 44, 49, 15, 18, 36, 19, 20, 69, 17, 31, 16, 28, 31, 21, 26, 34, 27, 17, 28, 15, 17, 25, 18, 28, 24, 47, 21, 33, 25, 24, 26, 30, 18, 15, 17, 15, 21, 32, 18, 22, 24, 15, 15, 15, 27, 16, 15, 15, 15, 17, 18, 17, 15, 15, 24, 23, 16, 15, 24, 19, 14, 32, 41, 0, 26, 25, 23, 29, 15, 25, 20, 21, 32, 31, 20, 33, 16, 30, 25, 15, 18, 15, 26, 13, 20, 30, 33, 24, 44, 15, 33, 18, 22, 24]
[26, 28, 28, 26, 24, 31, 26, 33, 26, 28, 26, 29, 30, 26, 30, 28, 40, 28, 38, 38, 63, 35, 41, 28, 52, 26, 51, 28, 24, 35, 34, 29, 28, 37, 28, 26, 28, 27, 28, 27, 42, 49, 28, 27, 34, 28, 26, 62, 27, 34, 26, 28, 29, 26, 26, 32, 26, 26, 30, 28, 28, 26, 26, 28, 26, 46, 28, 31, 24, 26, 28, 28, 26, 27, 26, 28, 26, 30, 28, 26, 25, 26, 26, 26, 29, 27, 27, 27, 27, 27, 26, 28, 28, 26, 28, 27, 24, 28, 28, 27, 27, 29, 40, 26, 0, 26, 24, 29, 28, 27, 26, 28, 29, 30, 28, 32, 27, 30, 28, 27, 26, 26, 28, 25, 26, 29, 37, 28, 42, 26, 31, 28, 28, 26]
[26, 28, 24, 24, 26, 31, 23, 33, 25, 24, 24, 26, 26, 23, 26, 25, 35, 25, 36, 36, 62, 30, 42, 26, 52, 24, 47, 23, 24, 35, 32, 27, 26, 35, 22, 26, 26, 26, 26, 26, 39, 48, 26, 26, 32, 26, 23, 62, 25, 32, 24, 17, 24, 17, 23, 23, 19, 17, 24, 24, 25, 27, 24, 28, 27, 46, 26, 32, 28, 24, 25, 28, 22, 24, 21, 25, 24, 31, 26, 23, 26, 25, 26, 25, 28, 25, 25, 24, 26, 23, 20, 25, 24, 22, 23, 23, 22, 26, 28, 26, 23, 25, 40, 25, 26, 0, 23, 29, 26, 28, 23, 24, 31, 29, 22, 26, 22, 29, 26, 24, 22, 24, 26, 25, 23, 30, 34, 25, 40, 21, 30, 24, 24, 25]
[24, 27, 23, 22, 23, 31, 23, 32, 27, 16, 17, 24, 24, 19, 24, 20, 36, 25, 37, 37, 61, 32, 38, 19, 47, 26, 49, 23, 21, 33, 28, 25, 23, 37, 22, 21, 23, 22, 23, 26, 43, 49, 23, 23, 34, 23, 17, 60, 22, 32, 23, 26, 30, 23, 25, 33, 24, 23, 26, 23, 23, 25, 23, 28, 25, 46, 23, 29, 23, 23, 24, 28, 23, 23, 21, 22, 23, 26, 20, 20, 22, 23, 22, 23, 29, 23, 23, 23, 23, 23, 21, 23, 23, 21, 24, 24, 21, 19, 25, 22, 23, 29, 39, 23, 24, 23, 0, 22, 22, 26, 23, 23, 28, 30, 22, 28, 23, 27, 25, 23, 21, 23, 26, 23, 21, 29, 37, 26, 40, 21, 30, 23, 23, 23]
[29, 29, 29, 28, 29, 31, 29, 35, 29, 29, 27, 29, 31, 29, 31, 30, 42, 29, 37, 37, 65, 34, 42, 27, 53, 29, 50, 28, 28, 37, 34, 31, 29, 30, 27, 27, 29, 29, 29, 29, 45, 48, 29, 29, 36, 29, 29, 65, 29, 33, 28, 29, 32, 28, 29, 35, 29, 28, 31, 28, 29, 31, 29, 12, 29, 44, 25, 30, 31, 25, 25, 26, 25, 29, 28, 28, 27, 32, 31, 29, 29, 29, 28, 29, 29, 29, 29, 29, 29, 28, 29, 29, 28, 28, 28, 31, 28, 25, 31, 22, 24, 33, 38, 29, 29, 29, 22, 0, 29, 31, 28, 29, 34, 27, 29, 33, 29, 28, 21, 29, 23, 29, 29, 29, 29, 31, 37, 29, 44, 29, 33, 29, 29, 29]
[24, 21, 12, 18, 12, 28, 16, 29, 23, 25, 16, 27, 25, 22, 32, 18, 42, 26, 39, 39, 68, 34, 44, 29, 55, 26, 51, 25, 12, 35, 32, 27, 12, 38, 21, 10, 8, 6, 8, 20, 38, 43, 8, 11, 30, 15, 19, 68, 21, 34, 20, 28, 32, 21, 26, 34, 26, 18, 28, 14, 18, 25, 18, 28, 24, 46, 21, 31, 26, 24, 26, 30, 18, 15, 18, 14, 22, 32, 17, 22, 25, 12, 14, 12, 29, 14, 12, 13, 12, 17, 19, 17, 15, 13, 26, 23, 16, 12, 24, 19, 12, 32, 36, 15, 28, 26, 22, 29, 0, 26, 20, 22, 32, 31, 20, 33, 18, 30, 25, 15, 18, 14, 26, 12, 19, 28, 37, 26, 44, 15, 31, 18, 21, 19]
[27, 28, 24, 26, 24, 30, 24, 35, 29, 27, 26, 27, 26, 26, 33, 26, 43, 28, 39, 39, 68, 34, 42, 31, 56, 23, 54, 27, 26, 38, 34, 29, 26, 39, 26, 25, 26, 24, 25, 27, 45, 49, 26, 26, 37, 26, 26, 68, 26, 36, 26, 29, 29, 26, 28, 31, 27, 26, 30, 26, 25, 24, 26, 30, 24, 47, 24, 32, 24, 26, 28, 32, 26, 24, 26, 16, 26, 36, 26, 26, 27, 25, 26, 25, 29, 24, 26, 24, 23, 24, 24, 24, 25, 24, 28, 26, 26, 26, 26, 26, 26, 31, 44, 25, 27, 28, 26, 31, 26, 0, 26, 26, 29, 33, 26, 35, 26, 32, 27, 26, 26, 26, 28, 26, 26, 29, 37, 28, 45, 26, 32, 26, 24, 26]
[21, 26, 20, 18, 18, 29, 22, 32, 25, 24, 18, 25, 25, 19, 30, 21, 38, 25, 37, 37, 61, 31, 41, 23, 52, 25, 51, 22, 16, 35, 32, 24, 20, 34, 15, 20, 19, 20, 20, 26, 41, 48, 20, 20, 33, 19, 21, 64, 21, 30, 18, 24, 28, 21, 24, 32, 23, 19, 25, 20, 20, 21, 20, 28, 24, 45, 21, 33, 26, 16, 18, 22, 20, 20, 14, 20, 21, 28, 20, 17, 22, 18, 18, 18, 28, 18, 18, 19, 19, 20, 19, 20, 18, 18, 15, 17, 12, 20, 22, 20, 20, 31, 39, 20, 26, 23, 23, 28, 20, 26, 0, 22, 31, 29, 20, 30, 20, 30, 25, 20, 20, 11, 24, 19, 12, 30, 36, 26, 38, 19, 30, 20, 22, 22]
[25, 25, 20, 22, 20, 30, 22, 33, 25, 25, 22, 25, 23, 22, 29, 21, 39, 25, 37, 37, 68, 34, 42, 27, 52, 24, 49, 25, 22, 33, 32, 29, 20, 33, 20, 22, 22, 22, 22, 26, 43, 49, 22, 22, 33, 22, 20, 65, 20, 34, 22, 26, 29, 22, 26, 34, 25, 20, 28, 22, 21, 25, 18, 28, 24, 45, 20, 29, 18, 20, 20, 24, 16, 22, 20, 22, 17, 31, 23, 22, 25, 22, 22, 21, 29, 22, 22, 22, 21, 22, 22, 22, 21, 22, 24, 23, 20, 21, 26, 20, 22, 28, 41, 21, 28, 24, 23, 29, 22, 26, 22, 0, 32, 26, 22, 32, 22, 22, 25, 17, 16, 19, 12, 21, 22, 28, 35, 22, 42, 22, 31, 9, 16, 22]
[32, 32, 30, 32, 32, 33, 30, 35, 34, 30, 30, 30, 32, 30, 32, 30, 39, 31, 40, 40, 64, 32, 38, 31, 52, 28, 52, 32, 32, 37, 30, 29, 32, 38, 32, 30, 30, 32, 31, 33, 46, 49, 31, 31, 36, 32, 30, 61, 32, 36, 32, 31, 32, 31, 31, 31, 32, 30, 31, 30, 29, 30, 31, 34, 30, 45, 30, 29, 23, 32, 32, 32, 32, 32, 32, 29, 32, 34, 30, 28, 31, 32, 31, 32, 33, 32, 32, 32, 32, 32, 32, 31, 32, 32, 32, 31, 31, 32, 32, 31, 32, 29, 41, 32, 29, 31, 28, 34, 32, 29, 31, 32, 0, 34, 32, 35, 32, 34, 33, 32, 31, 31, 34, 32, 31, 31, 37, 31, 43, 32, 34, 32, 30, 32]
[29, 29, 29, 31, 30, 33, 29, 35, 29, 31, 28, 30, 30, 31, 30, 30, 37, 32, 37, 37, 68, 36, 44, 30, 51, 30, 50, 30, 31, 35, 34, 30, 30, 31, 25, 30, 31, 31, 31, 31, 43, 49, 31, 31, 35, 31, 29, 62, 31, 35, 31, 30, 32, 29, 31, 34, 28, 29, 33, 30, 31, 33, 29, 27, 31, 42, 27, 29, 30, 20, 23, 23, 22, 31, 29, 31, 25, 34, 29, 29, 30, 31, 29, 30, 31, 31, 31, 31, 31, 31, 31, 29, 31, 30, 31, 30, 29, 31, 31, 25, 27, 32, 40, 31, 30, 29, 30, 27, 31, 33, 29, 26, 34, 0, 31, 34, 29, 31, 31, 29, 21, 29, 26, 30, 29, 31, 36, 29, 44, 31, 31, 28, 28, 31]
[25, 28, 20, 18, 20, 31, 21, 34, 27, 25, 20, 26, 23, 20, 30, 21, 40, 26, 39, 39, 66, 34, 44, 27, 55, 26, 53, 25, 18, 37, 32, 27, 20, 38, 21, 20, 20, 20, 20, 26, 45, 49, 20, 20, 36, 20, 21, 68, 18, 32, 20, 26, 30, 21, 26, 34, 25, 20, 26, 18, 18, 25, 20, 28, 26, 44, 21, 33, 26, 24, 26, 30, 20, 20, 20, 20, 22, 31, 22, 20, 25, 19, 19, 19, 29, 20, 19, 19, 19, 20, 16, 19, 19, 18, 24, 25, 18, 20, 26, 20, 9, 31, 40, 20, 28, 22, 22, 29, 20, 26, 20, 22, 32, 31, 0, 32, 20, 30, 23, 20, 20, 20, 26, 20, 18, 30, 36, 26, 42, 18, 33, 20, 22, 24]
[31, 32, 31, 30, 32, 34, 32, 33, 32, 32, 30, 32, 31, 30, 32, 30, 36, 31, 38, 38, 61, 36, 41, 25, 51, 29, 49, 32, 32, 35, 35, 34, 34, 38, 31, 34, 34, 33, 34, 34, 36, 49, 34, 34, 34, 34, 31, 60, 32, 36, 30, 28, 30, 28, 31, 33, 28, 28, 31, 32, 33, 35, 32, 34, 33, 45, 33, 30, 33, 30, 30, 31, 31, 33, 30, 33, 32, 32, 29, 28, 31, 33, 34, 33, 32, 33, 33, 32, 33, 32, 30, 34, 32, 32, 32, 30, 30, 33, 33, 33, 34, 28, 39, 33, 32, 26, 28, 33, 33, 35, 30, 32, 35, 34, 32, 0, 34, 27, 34, 32, 31, 31, 33, 32, 30, 32, 35, 31, 39, 32, 32, 32, 32, 32]
[25, 28, 18, 18, 18, 30, 22, 35, 27, 25, 18, 28, 25, 22, 32, 19, 42, 26, 39, 39, 68, 34, 44, 29, 55, 26, 53, 25, 18, 36, 32, 27, 18, 38, 21, 18, 18, 18, 18, 26, 45, 50, 18, 18, 36, 19, 21, 69, 21, 34, 20, 27, 31, 20, 25, 33, 26, 18, 28, 18, 18, 25, 18, 28, 24, 48, 21, 33, 26, 24, 26, 30, 18, 16, 18, 18, 21, 33, 20, 22, 25, 18, 18, 17, 29, 18, 17, 18, 17, 18, 19, 18, 17, 16, 26, 24, 18, 18, 26, 19, 16, 32, 41, 16, 27, 22, 23, 29, 18, 26, 20, 22, 32, 29, 20, 34, 0, 30, 25, 18, 18, 18, 26, 18, 20, 30, 35, 25, 44, 16, 32, 18, 22, 24]
[30, 30, 26, 30, 28, 32, 29, 34, 30, 27, 26, 30, 26, 28, 30, 27, 40, 28, 33, 33, 59, 34, 40, 27, 47, 26, 45, 28, 29, 36, 33, 30, 29, 37, 27, 30, 30, 30, 30, 30, 39, 49, 30, 30, 32, 30, 28, 61, 27, 34, 30, 30, 32, 30, 30, 34, 26, 29, 30, 30, 29, 30, 28, 30, 32, 46, 30, 30, 29, 28, 28, 28, 28, 30, 28, 30, 30, 32, 26, 28, 27, 30, 30, 29, 30, 30, 30, 29, 30, 30, 30, 30, 29, 30, 30, 31, 28, 28, 31, 28, 30, 31, 38, 30, 30, 29, 27, 28, 30, 32, 30, 22, 34, 31, 30, 27, 30, 0, 30, 27, 26, 28, 24, 29, 30, 29, 37, 27, 41, 30, 31, 22, 28, 30]
[24, 28, 25, 25, 25, 31, 25, 35, 27, 25, 23, 28, 27, 25, 32, 26, 40, 28, 39, 39, 66, 33, 44, 29, 55, 27, 53, 25, 25, 37, 32, 29, 25, 37, 24, 25, 25, 25, 25, 26, 45, 49, 25, 25, 34, 25, 25, 67, 25, 33, 25, 28, 32, 25, 26, 34, 27, 25, 28, 23, 23, 27, 25, 20, 27, 41, 22, 32, 27, 25, 26, 30, 21, 25, 25, 25, 25, 34, 27, 25, 25, 25, 25, 25, 28, 25, 25, 25, 25, 25, 24, 25, 24, 25, 26, 27, 25, 25, 27, 21, 19, 32, 36, 25, 28, 26, 25, 21, 25, 27, 25, 25, 33, 31, 23, 34, 25, 30, 0, 25, 21, 25, 26, 25, 25, 30, 35, 26, 44, 24, 33, 25, 25, 25]
[25, 26, 16, 17, 14, 30, 21, 33, 25, 24, 16, 25, 23, 19, 29, 16, 39, 24, 35, 35, 65, 32, 41, 26, 50, 24, 50, 22, 13, 33, 30, 24, 11, 37, 19, 15, 15, 15, 15, 26, 43, 50, 15, 18, 34, 19, 21, 67, 21, 34, 19, 26, 30, 21, 25, 32, 25, 18, 28, 14, 18, 25, 18, 28, 24, 46, 19, 29, 21, 22, 24, 28, 17, 17, 17, 15, 21, 31, 18, 22, 25, 15, 15, 14, 28, 16, 15, 15, 14, 17, 19, 17, 15, 15, 26, 23, 16, 14, 24, 19, 15, 30, 41, 15, 27, 24, 23, 29, 15, 26, 20, 17, 32, 29, 20, 32, 18, 27, 25, 0, 17, 15, 23, 15, 19, 26, 36, 24, 44, 15, 33, 15, 19, 22]
[25, 26, 18, 18, 18, 31, 20, 33, 25, 25, 18, 26, 23, 22, 30, 18, 40, 24, 37, 37, 66, 34, 42, 27, 52, 24, 51, 25, 18, 34, 32, 27, 18, 28, 12, 17, 18, 18, 18, 26, 42, 49, 18, 18, 33, 19, 18, 61, 21, 34, 20, 26, 30, 20, 26, 33, 25, 18, 28, 18, 18, 25, 16, 24, 22, 42, 17, 22, 19, 12, 16, 20, 6, 18, 17, 18, 14, 32, 19, 20, 23, 18, 17, 17, 29, 18, 18, 17, 18, 18, 19, 18, 18, 18, 24, 23, 18, 18, 24, 8, 12, 26, 37, 18, 26, 22, 21, 23, 18, 26, 20, 16, 31, 21, 20, 31, 18, 26, 21, 17, 0, 16, 20, 17, 20, 28, 36, 20, 42, 18, 26, 16, 18, 24]
[22, 24, 18, 18, 14, 30, 20, 30, 25, 24, 16, 26, 23, 20, 30, 17, 40, 23, 36, 36, 62, 30, 41, 25, 52, 22, 50, 23, 13, 35, 32, 26, 14, 34, 15, 14, 14, 14, 14, 25, 42, 49, 14, 18, 34, 19, 21, 66, 21, 33, 20, 26, 30, 19, 24, 30, 25, 16, 27, 14, 18, 21, 16, 28, 24, 44, 21, 31, 24, 16, 18, 22, 16, 17, 17, 14, 19, 31, 17, 19, 19, 14, 14, 13, 27, 15, 13, 14, 13, 17, 18, 17, 15, 14, 16, 17, 10, 14, 24, 19, 14, 30, 38, 15, 26, 24, 23, 29, 14, 26, 11, 19, 31, 29, 20, 31, 18, 28, 25, 15, 16, 0, 24, 13, 14, 30, 36, 24, 40, 15, 29, 18, 20, 22]
[26, 26, 22, 26, 24, 30, 24, 31, 25, 26, 22, 25, 27, 24, 30, 25, 40, 28, 37, 37, 68, 34, 44, 28, 53, 26, 50, 26, 26, 35, 33, 29, 23, 34, 24, 26, 26, 26, 26, 26, 43, 49, 26, 26, 33, 24, 24, 63, 23, 34, 26, 28, 30, 24, 26, 32, 27, 24, 27, 26, 26, 27, 22, 28, 28, 46, 26, 33, 26, 24, 24, 28, 20, 26, 24, 26, 20, 33, 26, 26, 26, 26, 26, 25, 29, 24, 26, 26, 26, 24, 26, 26, 26, 26, 24, 25, 22, 26, 27, 24, 26, 29, 41, 26, 28, 26, 26, 29, 26, 28, 24, 12, 34, 26, 26, 33, 26, 24, 26, 23, 20, 24, 0, 25, 24, 29, 37, 24, 42, 26, 31, 12, 16, 26]
[24, 27, 17, 16, 8, 27, 21, 34, 26, 25, 16, 27, 24, 22, 31, 17, 41, 25, 38, 38, 67, 34, 42, 28, 54, 25, 52, 25, 11, 36, 32, 26, 11, 37, 20, 14, 11, 12, 11, 26, 44, 50, 11, 18, 35, 19, 21, 68, 19, 32, 16, 27, 31, 20, 25, 33, 26, 17, 28, 14, 18, 25, 17, 28, 24, 47, 21, 32, 25, 23, 25, 29, 17, 17, 18, 14, 21, 33, 16, 21, 23, 11, 14, 11, 29, 16, 11, 13, 11, 17, 19, 17, 15, 13, 25, 22, 15, 11, 24, 19, 11, 31, 41, 13, 25, 25, 23, 29, 12, 26, 19, 21, 32, 30, 20, 32, 18, 29, 25, 15, 17, 13, 25, 0, 19, 30, 33, 25, 43, 15, 32, 17, 21, 23]
[19, 26, 20, 18, 20, 31, 22, 31, 25, 23, 18, 24, 25, 20, 28, 21, 38, 26, 38, 38, 62, 32, 40, 25, 51, 25, 48, 23, 18, 35, 32, 26, 19, 36, 17, 20, 19, 20, 20, 25, 43, 48, 20, 20, 34, 20, 21, 66, 19, 32, 20, 24, 30, 21, 24, 32, 23, 19, 27, 20, 20, 21, 16, 28, 24, 46, 21, 33, 26, 18, 20, 20, 19, 20, 18, 18, 22, 29, 20, 18, 23, 20, 20, 20, 29, 20, 20, 20, 20, 20, 18, 20, 19, 18, 18, 19, 8, 20, 24, 19, 20, 31, 39, 20, 26, 23, 21, 29, 19, 26, 12, 22, 31, 29, 18, 30, 20, 30, 25, 19, 20, 14, 24, 19, 0, 30, 37, 26, 40, 18, 31, 20, 20, 22]
[30, 30, 30, 28, 30, 29, 29, 36, 30, 28, 26, 26, 26, 26, 30, 24, 38, 22, 37, 37, 58, 29, 38, 25, 47, 23, 50, 28, 26, 33, 32, 28, 24, 38, 30, 29, 30, 29, 30, 30, 46, 52, 30, 30, 38, 30, 28, 65, 29, 36, 28, 30, 33, 30, 29, 36, 30, 30, 30, 29, 29, 28, 30, 30, 29, 50, 28, 30, 22, 30, 30, 32, 30, 30, 30, 30, 30, 35, 28, 27, 27, 30, 28, 30, 31, 30, 30, 29, 30, 30, 30, 30, 29, 30, 30, 30, 30, 30, 28, 29, 30, 34, 43, 30, 29, 30, 29, 31, 28, 29, 30, 28, 31, 31, 30, 32, 30, 29, 30, 26, 28, 30, 29, 30, 30, 0, 36, 29, 45, 30, 35, 29, 29, 29]
[35, 36, 37, 33, 34, 29, 37, 37, 35, 37, 37, 37, 36, 37, 37, 37, 42, 35, 41, 41, 66, 37, 46, 37, 57, 33, 53, 35, 33, 39, 37, 36, 37, 40, 36, 37, 36, 37, 37, 37, 47, 51, 37, 37, 38, 37, 36, 70, 37, 36, 33, 37, 37, 37, 37, 36, 37, 37, 37, 35, 37, 37, 36, 37, 36, 49, 37, 36, 35, 37, 37, 37, 36, 33, 34, 37, 37, 37, 37, 37, 37, 36, 36, 34, 35, 35, 33, 36, 36, 35, 35, 34, 36, 35, 37, 34, 36, 37, 37, 37, 36, 37, 42, 33, 37, 34, 37, 37, 37, 37, 36, 35, 37, 36, 36, 35, 35, 37, 35, 36, 36, 36, 37, 33, 37, 36, 0, 36, 44, 35, 37, 37, 35, 37]
[25, 26, 22, 25, 25, 31, 24, 34, 27, 26, 26, 28, 28, 26, 30, 25, 40, 28, 36, 36, 67, 34, 43, 28, 52, 28, 51, 26, 26, 36, 33, 29, 26, 33, 22, 26, 23, 26, 26, 26, 43, 49, 26, 24, 33, 26, 24, 62, 26, 34, 25, 28, 29, 25, 26, 34, 26, 24, 29, 26, 23, 28, 21, 28, 28, 45, 25, 31, 24, 22, 22, 26, 18, 25, 24, 24, 20, 32, 28, 25, 26, 25, 25, 25, 29, 25, 25, 25, 24, 25, 26, 25, 25, 26, 26, 28, 25, 25, 26, 24, 25, 30, 40, 24, 28, 25, 26, 29, 26, 28, 26, 22, 31, 29, 26, 31, 25, 27, 26, 24, 20, 24, 24, 25, 26, 29, 36, 0, 41, 26, 31, 21, 20, 26]
[42, 44, 42, 41, 44, 43, 43, 43, 44, 42, 42, 42, 44, 40, 40, 44, 46, 42, 44, 44, 65, 44, 44, 39, 55, 43, 52, 42, 42, 44, 44, 44, 42, 43, 42, 44, 44, 44, 44, 43, 45, 50, 44, 44, 42, 43, 42, 66, 42, 44, 41, 41, 40, 42, 42, 44, 40, 40, 40, 43, 42, 45, 42, 44, 43, 48, 44, 43, 45, 40, 40, 40, 42, 43, 39, 42, 42, 42, 44, 40, 43, 43, 44, 43, 43, 43, 43, 41, 43, 43, 42, 43, 42, 42, 40, 38, 40, 44, 44, 42, 44, 43, 43, 44, 42, 40, 40, 44, 44, 45, 38, 42, 43, 44, 42, 39, 44, 41, 44, 44, 42, 40, 42, 43, 40, 45, 44, 41, 0, 42, 42, 42, 41, 42]
[25, 28, 18, 17, 15, 31, 22, 35, 27, 25, 16, 26, 25, 20, 30, 18, 39, 24, 39, 39, 66, 33, 44, 27, 55, 24, 53, 24, 13, 37, 32, 26, 15, 38, 21, 15, 15, 15, 15, 26, 45, 49, 15, 18, 36, 19, 21, 68, 19, 32, 19, 26, 30, 20, 25, 33, 25, 16, 26, 15, 17, 25, 18, 28, 24, 48, 21, 32, 26, 24, 26, 30, 18, 17, 18, 15, 22, 32, 18, 20, 25, 15, 15, 15, 29, 16, 15, 15, 15, 16, 9, 16, 11, 9, 24, 21, 15, 15, 24, 19, 14, 31, 41, 15, 26, 21, 21, 29, 15, 26, 19, 22, 32, 31, 18, 32, 16, 30, 24, 15, 18, 15, 26, 15, 18, 30, 35, 26, 42, 0, 33, 18, 22, 24]
[32, 31, 33, 31, 32, 35, 33, 35, 33, 31, 31, 34, 35, 30, 32, 34, 41, 33, 37, 37, 64, 33, 42, 31, 53, 34, 50, 30, 32, 37, 34, 35, 33, 39, 32, 32, 33, 30, 32, 32, 41, 49, 33, 31, 35, 33, 30, 64, 33, 36, 32, 32, 33, 33, 33, 34, 31, 32, 33, 33, 33, 34, 31, 33, 33, 48, 33, 35, 33, 30, 31, 31, 30, 31, 30, 32, 29, 34, 32, 29, 30, 32, 32, 30, 33, 31, 32, 28, 31, 30, 31, 33, 33, 33, 29, 33, 31, 33, 34, 27, 32, 33, 40, 33, 31, 30, 30, 33, 31, 32, 30, 31, 34, 31, 33, 32, 32, 31, 33, 33, 26, 29, 31, 32, 31, 35, 37, 31, 42, 33, 0, 31, 31, 31]
[25, 25, 16, 18, 16, 29, 21, 32, 24, 25, 18, 25, 23, 22, 29, 17, 39, 25, 37, 37, 67, 34, 44, 27, 53, 23, 49, 25, 18, 34, 32, 27, 17, 35, 19, 18, 18, 18, 18, 26, 43, 48, 18, 18, 34, 18, 21, 67, 20, 34, 20, 26, 30, 20, 22, 30, 24, 17, 27, 18, 17, 24, 16, 28, 24, 46, 20, 30, 23, 20, 20, 24, 16, 18, 18, 18, 19, 32, 20, 22, 21, 18, 18, 17, 29, 18, 18, 18, 18, 18, 19, 18, 17, 18, 24, 23, 18, 18, 26, 17, 18, 29, 42, 18, 28, 24, 23, 29, 18, 26, 20, 9, 32, 28, 20, 32, 18, 22, 25, 15, 16, 18, 12, 17, 20, 29, 37, 21, 42, 18, 31, 0, 14, 23]
[23, 24, 16, 22, 22, 28, 20, 29, 21, 25, 20, 24, 23, 22, 30, 21, 40, 25, 37, 37, 66, 34, 44, 27, 53, 24, 48, 25, 22, 34, 32, 28, 21, 34, 22, 22, 22, 22, 22, 26, 43, 49, 22, 22, 34, 21, 22, 65, 22, 34, 22, 26, 30, 22, 26, 30, 25, 21, 26, 22, 22, 24, 18, 28, 26, 46, 21, 31, 26, 22, 24, 26, 18, 22, 22, 20, 20, 33, 23, 22, 25, 22, 22, 21, 29, 22, 22, 22, 22, 22, 22, 22, 22, 22, 24, 23, 20, 22, 25, 19, 22, 27, 41, 22, 28, 24, 23, 29, 21, 24, 22, 16, 30, 28, 22, 32, 22, 28, 25, 19, 18, 20, 16, 21, 20, 29, 35, 20, 41, 22, 31, 14, 0, 24]
[23, 24, 20, 24, 24, 31, 20, 29, 22, 25, 22, 28, 26, 22, 30, 25, 40, 27, 39, 39, 66, 34, 42, 27, 53, 26, 51, 25, 24, 35, 32, 27, 22, 37, 24, 20, 20, 20, 20, 22, 39, 46, 20, 20, 32, 20, 22, 67, 24, 34, 24, 26, 30, 24, 24, 32, 25, 23, 27, 24, 23, 26, 24, 25, 15, 33, 13, 31, 25, 22, 24, 28, 24, 24, 22, 24, 24, 32, 24, 22, 24, 24, 24, 24, 29, 24, 24, 24, 24, 24, 24, 24, 23, 24, 24, 24, 22, 24, 26, 24, 24, 32, 36, 24, 26, 25, 23, 29, 19, 26, 22, 22, 32, 31, 24, 32, 24, 30, 25, 22, 24, 22, 26, 23, 22, 29, 37, 26, 42, 24, 31, 23, 24, 0]
