[0, 53, 53, 49, 54, 50, 7, 53, 41, 50, 54, 50, 50, 3, 53, 52, 51, 53, 52, 62, 62, 58, 60, 55, 46, 55, 56, 60, 57, 55, 56, 60, 54, 56, 57, 58, 60, 54, 56, 52, 51]
[53, 0, 14, 18, 13, 16, 46, 14, 22, 16, 15, 16, 16, 55, 14, 24, 12, 14, 14, 64, 56, 22, 17, 34, 29, 40, 18, 17, 17, 17, 17, 16, 23, 18, 18, 18, 17, 48, 17, 19, 20]
[53, 14, 0, 17, 8, 6, 46, 2, 17, 6, 10, 6, 6, 53, 6, 23, 8, 9, 6, 62, 57, 20, 11, 34, 29, 40, 12, 11, 11, 11, 11, 12, 21, 14, 21, 13, 12, 46, 10, 16, 18]
[49, 18, 17, 0, 14, 18, 44, 16, 20, 18, 18, 18, 18, 49, 16, 22, 16, 16, 18, 63, 57, 22, 20, 33, 27, 40, 20, 20, 20, 20, 20, 20, 24, 20, 23, 18, 20, 46, 21, 18, 21]
[54, 13, 8, 14, 0, 10, 47, 8, 20, 10, 8, 10, 10, 54, 9, 23, 5, 5, 8, 65, 59, 20, 9, 34, 29, 40, 14, 12, 9, 9, 9, 12, 23, 16, 21, 11, 12, 48, 13, 16, 19]
[50, 16, 6, 18, 10, 0, 43, 6, 16, 0, 16, 0, 0, 50, 8, 26, 7, 9, 4, 66, 59, 20, 10, 32, 26, 38, 14, 12, 7, 7, 8, 12, 23, 16, 18, 12, 12, 47, 10, 19, 19]
[7, 46, 46, 44, 47, 43, 0, 46, 34, 43, 47, 43, 43, 10, 46, 46, 44, 46, 45, 69, 59, 53, 53, 49, 42, 51, 49, 53, 50, 48, 49, 53, 49, 49, 50, 51, 53, 51, 49, 45, 44]
[53, 14, 2, 16, 8, 6, 46, 0, 18, 6, 12, 6, 6, 53, 8, 25, 8, 9, 6, 63, 59, 20, 11, 34, 29, 39, 14, 12, 11, 11, 11, 12, 23, 16, 21, 13, 12, 48, 10, 18, 18]
[41, 22, 17, 20, 20, 16, 34, 18, 0, 16, 18, 16, 16, 42, 15, 24, 19, 21, 20, 61, 56, 26, 26, 30, 22, 36, 20, 26, 23, 21, 22, 26, 22, 22, 24, 26, 26, 42, 23, 20, 19]
[50, 16, 6, 18, 10, 0, 43, 6, 16, 0, 16, 0, 0, 50, 8, 26, 7, 9, 4, 66, 59, 20, 10, 32, 26, 38, 14, 12, 7, 7, 8, 12, 23, 16, 18, 12, 12, 47, 10, 19, 19]
[54, 15, 10, 18, 8, 16, 47, 12, 18, 16, 0, 16, 16, 54, 13, 20, 12, 12, 14, 61, 54, 20, 16, 32, 29, 36, 15, 16, 16, 16, 16, 16, 20, 17, 22, 17, 16, 40, 16, 15, 17]
[50, 16, 6, 18, 10, 0, 43, 6, 16, 0, 16, 0, 0, 50, 8, 26, 7, 9, 4, 66, 59, 20, 10, 32, 26, 38, 14, 12, 7, 7, 8, 12, 23, 16, 18, 12, 12, 47, 10, 19, 19]
[50, 16, 6, 18, 10, 0, 43, 6, 16, 0, 16, 0, 0, 50, 8, 26, 7, 9, 4, 66, 59, 20, 10, 32, 26, 38, 14, 12, 7, 7, 8, 12, 23, 16, 18, 12, 12, 47, 10, 19, 19]
[3, 55, 53, 49, 54, 50, 10, 53, 42, 50, 54, 50, 50, 0, 53, 54, 51, 53, 52, 60, 62, 58, 60, 57, 46, 55, 56, 60, 57, 55, 56, 60, 54, 56, 57, 58, 60, 56, 56, 52, 51]
[53, 14, 6, 16, 9, 8, 46, 8, 15, 8, 13, 8, 8, 53, 0, 26, 6, 8, 8, 64, 55, 18, 13, 32, 29, 38, 12, 12, 13, 13, 13, 13, 21, 14, 21, 15, 13, 46, 12, 20, 20]
[52, 24, 23, 22, 23, 26, 46, 25, 24, 26, 20, 26, 26, 54, 26, 0, 25, 24, 24, 64, 57, 28, 28, 31, 29, 36, 19, 25, 28, 27, 27, 26, 21, 19, 25, 28, 27, 43, 24, 7, 21]
[51, 12, 8, 16, 5, 7, 44, 8, 19, 7, 12, 7, 7, 51, 6, 25, 0, 2, 5, 64, 57, 18, 9, 32, 29, 40, 14, 12, 11, 11, 11, 12, 23, 16, 21, 13, 12, 48, 12, 18, 18]
[53, 14, 9, 16, 5, 9, 46, 9, 21, 9, 12, 9, 9, 53, 8, 24, 2, 0, 7, 65, 57, 18, 8, 32, 29, 40, 14, 12, 10, 10, 10, 12, 23, 16, 21, 12, 12, 48, 11, 18, 20]
[52, 14, 6, 18, 8, 4, 45, 6, 20, 4, 14, 4, 4, 52, 8, 24, 5, 7, 0, 66, 59, 20, 10, 34, 26, 38, 14, 12, 7, 7, 8, 12, 23, 16, 18, 10, 12, 45, 10, 17, 17]
[62, 64, 62, 63, 65, 66, 69, 63, 61, 66, 61, 66, 66, 60, 64, 64, 64, 65, 66, 0, 61, 69, 73, 70, 70, 68, 70, 71, 73, 71, 71, 71, 69, 70, 71, 71, 71, 51, 66, 64, 65]
[62, 56, 57, 57, 59, 59, 59, 59, 56, 59, 54, 59, 59, 62, 55, 57, 57, 57, 59, 61, 0, 51, 53, 40, 54, 54, 53, 54, 57, 57, 57, 56, 51, 53, 51, 54, 55, 47, 57, 55, 57]
[58, 22, 20, 22, 20, 20, 53, 20, 26, 20, 20, 20, 20, 58, 18, 28, 18, 18, 20, 69, 51, 0, 12, 27, 27, 40, 17, 17, 18, 16, 16, 18, 21, 17, 20, 18, 16, 44, 20, 22, 23]
[60, 17, 11, 20, 9, 10, 53, 11, 26, 10, 16, 10, 10, 60, 13, 28, 9, 8, 10, 73, 53, 12, 0, 29, 27, 40, 13, 12, 6, 7, 6, 11, 21, 13, 18, 11, 10, 46, 13, 21, 23]
[55, 34, 34, 33, 34, 32, 49, 34, 30, 32, 32, 32, 32, 57, 32, 31, 32, 32, 34, 70, 40, 27, 29, 0, 33, 39, 30, 32, 31, 29, 29, 33, 31, 30, 32, 32, 33, 45, 32, 30, 30]
[46, 29, 29, 27, 29, 26, 42, 29, 22, 26, 29, 26, 26, 46, 29, 29, 29, 29, 26, 70, 54, 27, 27, 33, 0, 36, 24, 25, 22, 20, 21, 23, 26, 26, 16, 25, 27, 41, 29, 28, 28]
[55, 40, 40, 40, 40, 38, 51, 39, 36, 38, 36, 38, 38, 55, 38, 36, 40, 40, 38, 68, 54, 40, 40, 39, 36, 0, 33, 37, 36, 34, 34, 38, 32, 32, 38, 33, 38, 43, 37, 34, 33]
[56, 18, 12, 20, 14, 14, 49, 14, 20, 14, 15, 14, 14, 56, 12, 19, 14, 14, 14, 70, 53, 17, 13, 30, 24, 33, 0, 12, 12, 12, 12, 12, 10, 2, 16, 11, 12, 39, 14, 12, 16]
[60, 17, 11, 20, 12, 12, 53, 12, 26, 12, 16, 12, 12, 60, 12, 25, 12, 12, 12, 71, 54, 17, 12, 32, 25, 37, 12, 0, 12, 12, 12, 8, 21, 14, 13, 12, 9, 45, 13, 20, 23]
[57, 17, 11, 20, 9, 7, 50, 11, 23, 7, 16, 7, 7, 57, 13, 28, 11, 10, 7, 73, 57, 18, 6, 31, 22, 36, 12, 12, 0, 2, 3, 12, 21, 13, 14, 8, 10, 43, 13, 21, 22]
[55, 17, 11, 20, 9, 7, 48, 11, 21, 7, 16, 7, 7, 55, 13, 27, 11, 10, 7, 71, 57, 16, 7, 29, 20, 34, 12, 12, 2, 0, 1, 12, 21, 14, 14, 8, 10, 41, 13, 20, 20]
[56, 17, 11, 20, 9, 8, 49, 11, 22, 8, 16, 8, 8, 56, 13, 27, 11, 10, 8, 71, 57, 16, 6, 29, 21, 34, 12, 12, 3, 1, 0, 12, 21, 13, 15, 7, 10, 42, 13, 20, 21]
[60, 16, 12, 20, 12, 12, 53, 12, 26, 12, 16, 12, 12, 60, 13, 26, 12, 12, 12, 71, 56, 18, 11, 33, 23, 38, 12, 8, 12, 12, 12, 0, 21, 14, 15, 14, 11, 45, 13, 19, 23]
[54, 23, 21, 24, 23, 23, 49, 23, 22, 23, 20, 23, 23, 54, 21, 21, 23, 23, 23, 69, 51, 21, 21, 31, 26, 32, 10, 21, 21, 21, 21, 21, 0, 8, 23, 21, 21, 38, 23, 16, 15]
[56, 18, 14, 20, 16, 16, 49, 16, 22, 16, 17, 16, 16, 56, 14, 19, 16, 16, 16, 70, 53, 17, 13, 30, 26, 32, 2, 14, 13, 14, 13, 14, 8, 0, 18, 13, 14, 39, 16, 12, 14]
[57, 18, 21, 23, 21, 18, 50, 21, 24, 18, 22, 18, 18, 57, 21, 25, 21, 21, 18, 71, 51, 20, 18, 32, 16, 38, 16, 13, 14, 14, 15, 15, 23, 18, 0, 17, 18, 44, 21, 22, 23]
[58, 18, 13, 18, 11, 12, 51, 13, 26, 12, 17, 12, 12, 58, 15, 28, 13, 12, 10, 71, 54, 18, 11, 32, 25, 33, 11, 12, 8, 8, 7, 14, 21, 13, 17, 0, 12, 42, 15, 21, 23]
[60, 17, 12, 20, 12, 12, 53, 12, 26, 12, 16, 12, 12, 60, 13, 27, 12, 12, 12, 71, 55, 16, 10, 33, 27, 38, 12, 9, 10, 10, 10, 11, 21, 14, 18, 12, 0, 45, 13, 20, 23]
[54, 48, 46, 46, 48, 47, 51, 48, 42, 47, 40, 47, 47, 56, 46, 43, 48, 48, 45, 51, 47, 44, 46, 45, 41, 43, 39, 45, 43, 41, 42, 45, 38, 39, 44, 42, 45, 0, 45, 43, 44]
[56, 17, 10, 21, 13, 10, 49, 10, 23, 10, 16, 10, 10, 56, 12, 24, 12, 11, 10, 66, 57, 20, 13, 32, 29, 37, 14, 13, 13, 13, 13, 13, 23, 16, 21, 15, 13, 45, 0, 17, 20]
[52, 19, 16, 18, 16, 19, 45, 18, 20, 19, 15, 19, 19, 52, 20, 7, 18, 18, 17, 64, 55, 22, 21, 30, 28, 34, 12, 20, 21, 20, 20, 19, 16, 12, 22, 21, 20, 43, 17, 0, 14]
[51, 20, 18, 21, 19, 19, 44, 18, 19, 19, 17, 19, 19, 51, 20, 21, 18, 20, 17, 65, 57, 23, 23, 30, 28, 33, 16, 23, 22, 20, 21, 23, 15, 14, 23, 23, 23, 44, 20, 14, 0]
