[0.9716921448707581, 0.3266006410121918, 0.3972693681716919, 0.21606560051441193, 0.3039223849773407, 0.2420240193605423, 0.3188331127166748, 0.2263765037059784, 0.24351684749126434, 0.2172165960073471, 0.27493730187416077, 0.2865714430809021, 0.3155876100063324, 0.2507118582725525, 0.38472503423690796, 0.19180193543434143, 0.3982839286327362, 0.2640708088874817, 0.3538457155227661, 0.3053476810455322, 0.2802931070327759, 0.23572739958763123, 0.16331279277801514, 0.23447515070438385, 0.30877721309661865, 0.18819308280944824]
[0.3706054985523224, 0.9731096029281616, 0.5145922303199768, 0.2694486975669861, 0.3245500326156616, 0.1475234180688858, 0.42159706354141235, 0.29269570112228394, 0.26794999837875366, 0.3668786883354187, 0.18777866661548615, 0.26486116647720337, 0.3396422863006592, 0.3304406404495239, 0.2749757170677185, 0.34643620252609253, 0.32395315170288086, 0.37307798862457275, 0.37216609716415405, 0.41268134117126465, 0.29408037662506104, 0.2837400436401367, 0.23324903845787048, 0.4146023392677307, 0.28553614020347595, 0.4423053562641144]
[0.3879848122596741, 0.49105721712112427, 0.9760203957557678, 0.17815598845481873, 0.3297387659549713, 0.15554594993591309, 0.29940617084503174, 0.2753840982913971, 0.48529157042503357, 0.34632033109664917, 0.28624090552330017, 0.3233955502510071, 0.37801796197891235, 0.38168027997016907, 0.2096720039844513, 0.2336803823709488, 0.21262861788272858, 0.20887421071529388, 0.24762874841690063, 0.3900067210197449, 0.21535706520080566, 0.05626048147678375, 0.07488059997558594, 0.3955972492694855, 0.45874983072280884, 0.35771527886390686]
[0.2971324324607849, 0.2927611172199249, 0.180436372756958, 0.9882441163063049, 0.3346211016178131, 0.4071958065032959, 0.3344643712043762, 0.38306355476379395, 0.4022569954395294, 0.4898248612880707, 0.3750510513782501, 0.3659612238407135, 0.13706204295158386, 0.19203318655490875, 0.5598647594451904, 0.28950756788253784, 0.23242256045341492, 0.5049902200698853, 0.20576035976409912, 0.3785931169986725, 0.05500474199652672, 0.2314344197511673, 0.16055375337600708, 0.37210196256637573, 0.018372099846601486, 0.5054321885108948]
[0.32298851013183594, 0.3514029383659363, 0.3091699481010437, 0.27401867508888245, 0.9735803604125977, 0.28832197189331055, 0.2867623567581177, 0.3229025602340698, 0.24235230684280396, 0.43921276926994324, 0.39980626106262207, 0.3729422986507416, 0.3284478485584259, 0.30405986309051514, 0.2159949541091919, 0.37377020716667175, 0.4275631904602051, 0.2673569321632385, 0.2050914764404297, 0.36151957511901855, 0.20930615067481995, 0.13462933897972107, 0.06907367706298828, 0.26623743772506714, 0.33015918731689453, 0.33737102150917053]
[0.2702600359916687, 0.07044526934623718, 0.1562546193599701, 0.39670175313949585, 0.30534762144088745, 0.9838141202926636, 0.36012721061706543, 0.4269521236419678, 0.5274186134338379, 0.5959380865097046, 0.408872127532959, 0.484774112701416, 0.03928789496421814, 0.23448523879051208, 0.20553404092788696, 0.3840795159339905, 0.3633318245410919, 0.32270336151123047, 0.2542319595813751, 0.3555896282196045, 0.3849737048149109, 0.26539671421051025, 0.34309983253479004, 0.1658177673816681, 0.2976241111755371, 0.0862787738442421]
[0.33517131209373474, 0.36583569645881653, 0.28476372361183167, 0.35911041498184204, 0.2231181561946869, 0.3133295178413391, 0.9757242798805237, 0.3139578700065613, 0.2807513475418091, 0.45596814155578613, 0.3657442331314087, 0.3649612069129944, 0.23481202125549316, 0.42874565720558167, 0.2242714762687683, 0.3460037112236023, 0.4060623049736023, 0.33150702714920044, 0.42285066843032837, 0.4009976089000702, 0.3096469044685364, 0.29343247413635254, 0.2114485651254654, 0.32228291034698486, 0.25662824511528015, 0.2046392858028412]
[0.24673479795455933, 0.2730504870414734, 0.2689438760280609, 0.3809962272644043, 0.3142150640487671, 0.428554505109787, 0.3430628180503845, 0.9860469102859497, 0.35286831855773926, 0.5678240060806274, 0.31303665041923523, 0.34111881256103516, 0.21302436292171478, 0.2894265651702881, 0.24360248446464539, 0.3204358220100403, 0.3812723755836487, 0.25870347023010254, 0.3547270596027374, 0.3896258473396301, 0.2777968645095825, 0.2474800944328308, 0.16378669440746307, 0.24975356459617615, 0.29177993535995483, 0.09070583432912827]
[0.2471037358045578, 0.21136051416397095, 0.47488999366760254, 0.3795086145401001, 0.24416980147361755, 0.5348141193389893, 0.2817048728466034, 0.36737141013145447, 0.986868143081665, 0.4773390293121338, 0.17502683401107788, 0.33819955587387085, 0.38250869512557983, 0.21637298166751862, 0.18075653910636902, 0.392071008682251, 0.26631084084510803, 0.164006307721138, 0.2757180631160736, 0.35462141036987305, 0.19616688787937164, 0.1316131353378296, 0.08012357354164124, 0.22167399525642395, 0.1494027078151703, 0.028291843831539154]
[0.23432335257530212, 0.3568929135799408, 0.3949562907218933, 0.4638567566871643, 0.4638766050338745, 0.5566167831420898, 0.5441203117370605, 0.5825823545455933, 0.4647219777107239, 0.9869163036346436, 0.39010587334632874, 0.5938236713409424, 0.20801585912704468, 0.23546260595321655, 0.34185755252838135, 0.5533708333969116, 0.47047358751296997, 0.26040443778038025, 0.462882936000824, 0.5427543520927429, 0.3531670570373535, 0.2832399010658264, 0.2026776373386383, 0.26553794741630554, 0.4608933925628662, 0.25027772784233093]
[0.27982550859451294, 0.19970810413360596, 0.2782042324542999, 0.2763449251651764, 0.4374126195907593, 0.37492984533309937, 0.3728143572807312, 0.2676493525505066, 0.17171603441238403, 0.38906463980674744, 0.9643972516059875, 0.35397595167160034, 0.3975476026535034, 0.3116830587387085, 0.13980530202388763, 0.2870418429374695, 0.3918832838535309, 0.46026936173439026, 0.26313626766204834, 0.45338574051856995, 0.09357240051031113, 0.3014739453792572, 0.221836656332016, 0.19129085540771484, 0.3315095603466034, 0.17156870663166046]
[0.3285335600376129, 0.23594850301742554, 0.3455505967140198, 0.355671226978302, 0.39537933468818665, 0.4471392035484314, 0.3948744833469391, 0.34493499994277954, 0.3508669137954712, 0.5553019046783447, 0.3552142381668091, 0.9834566712379456, 0.05413436144590378, 0.2728498578071594, 0.25778448581695557, 0.31766316294670105, 0.39202600717544556, 0.3296893835067749, 0.3242008090019226, 0.45195305347442627, 0.2427469938993454, 0.19095368683338165, 0.10095773637294769, 0.30629855394363403, 0.3095397651195526, 0.25734058022499084]
[0.31279727816581726, 0.39289242029190063, 0.3851358890533447, 0.0965665951371193, 0.3613688349723816, 0.05554528534412384, 0.291127473115921, 0.19193635880947113, 0.37153273820877075, 0.22998672723770142, 0.40478867292404175, 0.0196937695145607, 0.9787654876708984, 0.2736338973045349, 0.296466588973999, 0.3341783881187439, 0.39348942041397095, 0.1308600902557373, 0.2769433259963989, 0.29895859956741333, 0.3498383164405823, 0.39686957001686096, 0.38887619972229004, 0.2289644479751587, 0.3793640732765198, 0.26879552006721497]
[0.24830439686775208, 0.27521538734436035, 0.3721819519996643, 0.16832776367664337, 0.3233676850795746, 0.2618865966796875, 0.4235195517539978, 0.30275481939315796, 0.24748341739177704, 0.26619336009025574, 0.32022807002067566, 0.27863702178001404, 0.3069486916065216, 0.9782851338386536, 0.20381557941436768, 0.30212104320526123, 0.27448156476020813, 0.24298034608364105, 0.3290925621986389, 0.2707131505012512, 0.2777363359928131, 0.3508296608924866, 0.22634774446487427, 0.43901798129081726, 0.37566080689430237, 0.18695424497127533]
[0.43496739864349365, 0.25194302201271057, 0.21639969944953918, 0.5548139810562134, 0.23357543349266052, 0.257697194814682, 0.2277318239212036, 0.25168538093566895, 0.21472975611686707, 0.3992888629436493, 0.1873973309993744, 0.24398273229599, 0.29260700941085815, 0.2226349115371704, 0.9816329479217529, 0.3850352168083191, 0.314874529838562, 0.22474053502082825, 0.33959561586380005, 0.2628093957901001, 0.37581881880760193, 0.3748474717140198, 0.35882556438446045, 0.5649109482765198, 0.43756234645843506, 0.32499727606773376]
[0.14831815659999847, 0.2694242298603058, 0.16969990730285645, 0.30486345291137695, 0.3404856324195862, 0.40818995237350464, 0.3059215843677521, 0.2620975375175476, 0.35328543186187744, 0.49337533116340637, 0.3179314434528351, 0.2616361975669861, 0.27724599838256836, 0.28078794479370117, 0.2959752380847931, 0.9601280689239502, 0.2401944398880005, 0.35680270195007324, 0.3021446466445923, 0.35215216875076294, 0.3183899223804474, 0.37880223989486694, 0.30296117067337036, 0.28383976221084595, 0.2900145649909973, 0.24190065264701843]
[0.36049684882164, 0.27929723262786865, 0.1092810332775116, 0.1956024318933487, 0.35190463066101074, 0.3124009370803833, 0.3525999188423157, 0.3107929229736328, 0.1807219684123993, 0.3262534737586975, 0.3656270205974579, 0.27800285816192627, 0.3697119951248169, 0.2333429753780365, 0.24589911103248596, 0.25255417823791504, 0.9390692710876465, 0.3423919975757599, 0.2822338342666626, 0.30194759368896484, 0.3938204050064087, 0.4235756993293762, 0.348949134349823, 0.30369406938552856, 0.2792365252971649, 0.20062072575092316]
[0.3048950433731079, 0.35757431387901306, 0.2036500871181488, 0.4943384528160095, 0.3036664128303528, 0.3266807198524475, 0.27012044191360474, 0.24884673953056335, 0.22414670884609222, 0.24243365228176117, 0.47002774477005005, 0.3484838902950287, 0.18997131288051605, 0.28620320558547974, 0.2216673195362091, 0.3442840576171875, 0.3204485774040222, 0.9856717586517334, 0.39860332012176514, 0.504743754863739, 0.06391020119190216, 0.2927136719226837, 0.37997958064079285, 0.32797136902809143, 0.1985718011856079, 0.24965223670005798]
[0.3734455704689026, 0.34707528352737427, 0.29178574681282043, 0.17605358362197876, 0.19919268786907196, 0.1784227192401886, 0.38056230545043945, 0.34525150060653687, 0.33091822266578674, 0.3983933925628662, 0.15006625652313232, 0.22338594496250153, 0.26768308877944946, 0.33135396242141724, 0.31950438022613525, 0.367586612701416, 0.3471357822418213, 0.21776437759399414, 0.953418493270874, 0.29490572214126587, 0.2815017104148865, 0.15161721408367157, 0.2081322818994522, 0.3064996004104614, 0.27486366033554077, 0.11589687317609787]
[0.31980201601982117, 0.40957778692245483, 0.4303929805755615, 0.32539406418800354, 0.42860841751098633, 0.2947317957878113, 0.32977384328842163, 0.3518456816673279, 0.3636605143547058, 0.48763540387153625, 0.43512994050979614, 0.4020259976387024, 0.33673185110092163, 0.30884137749671936, 0.2627766728401184, 0.4120520353317261, 0.3262808918952942, 0.37960392236709595, 0.2600693702697754, 0.9606420993804932, 0.1700419783592224, 0.3112032413482666, 0.06666044890880585, 0.352091908454895, 0.4076281189918518, 0.22875572741031647]
[0.3267500400543213, 0.2866417169570923, 0.19493725895881653, 0.08560677617788315, 0.2204069197177887, 0.36374521255493164, 0.32125192880630493, 0.26291221380233765, 0.21842443943023682, 0.31894397735595703, 0.04272974655032158, 0.2125537097454071, 0.290610671043396, 0.3032653033733368, 0.3790154457092285, 0.3395213484764099, 0.3868243098258972, -0.012194713577628136, 0.26446786522865295, 0.14959371089935303, 0.9473681449890137, 0.24311129748821259, 0.5487738847732544, 0.3045193552970886, 0.35845106840133667, 0.41459372639656067]
[0.2690720558166504, 0.27613744139671326, 0.06703391671180725, 0.24429704248905182, 0.11746100336313248, 0.2855796217918396, 0.299495130777359, 0.22726769745349884, 0.16448798775672913, 0.31246328353881836, 0.2712593376636505, 0.18447470664978027, 0.3853323459625244, 0.37631458044052124, 0.34850066900253296, 0.37311452627182007, 0.36127781867980957, 0.2831476032733917, 0.23337742686271667, 0.33418184518814087, 0.253998339176178, 0.9723774194717407, 0.5471658706665039, 0.38671717047691345, 0.3407178223133087, 0.18751643598079681]
[0.12424281984567642, 0.2000441700220108, 0.050261128693819046, 0.20113533735275269, 0.05627540871500969, 0.383113831281662, 0.1758003830909729, 0.1114291325211525, 0.11209240555763245, 0.20803968608379364, 0.23996450006961823, 0.09217141568660736, 0.44349923729896545, 0.22447314858436584, 0.3838939666748047, 0.2318841516971588, 0.21716028451919556, 0.39583820104599, 0.3569987416267395, 0.13856959342956543, 0.6982699632644653, 0.6374697685241699, 0.9937620162963867, 0.22846251726150513, 0.48257559537887573, 0.47837793827056885]
[0.2974642515182495, 0.3996686637401581, 0.40679723024368286, 0.3445318341255188, 0.27593040466308594, 0.1845153570175171, 0.28472545742988586, 0.2157924771308899, 0.2313045710325241, 0.2586643397808075, 0.19730108976364136, 0.30891042947769165, 0.1878882646560669, 0.49759846925735474, 0.5700526237487793, 0.35860466957092285, 0.34623098373413086, 0.34019890427589417, 0.29077714681625366, 0.35548824071884155, 0.25511014461517334, 0.3684871792793274, 0.21299928426742554, 0.9854308366775513, 0.39018502831459045, 0.2402539998292923]
[0.2558984160423279, 0.17001481354236603, 0.3783068060874939, 0.005775772035121918, 0.3021581470966339, 0.27376073598861694, 0.27697762846946716, 0.24522902071475983, 0.10093621909618378, 0.42249956727027893, 0.2879526615142822, 0.27071431279182434, 0.3082248568534851, 0.33479082584381104, 0.4198782444000244, 0.37442564964294434, 0.38659608364105225, 0.21011874079704285, 0.3432914614677429, 0.4242933392524719, 0.47996580600738525, 0.4439660906791687, 0.4815124273300171, 0.41423851251602173, 0.9556930661201477, 0.20231503248214722]
[0.18600350618362427, 0.4655105173587799, 0.3365638256072998, 0.48689767718315125, 0.40252530574798584, 0.1740681678056717, 0.23626214265823364, 0.1265302300453186, 0.08233118057250977, 0.28655576705932617, 0.255896657705307, 0.3187176287174225, 0.29630059003829956, 0.22890745103359222, 0.35308119654655457, 0.24470987915992737, 0.18590976297855377, 0.2505316734313965, 0.16600537300109863, 0.24840551614761353, 0.48235955834388733, 0.262353777885437, 0.47835710644721985, 0.24754753708839417, 0.2920689284801483, 0.9874731302261353]
