[171, 88, 199, 158, 174, 132, 3, 48, 78, 121, 190, 263, 52, 77, 127, 256, 218, 64, 165, 239, 10, 102, 87, 72, 137, 95, 53, 14, 60, 1, 271, 146, 136, 205, 30, 184, 266, 82, 34, 29, 120, 74, 143, 68, 41, 110, 172, 112, 126, 43, 119, 152, 178, 232, 69, 129, 58, 61, 107, 229, 16, 11, 194, 67, 106, 79, 208, 267, 182, 254, 169, 159, 255, 196, 166, 222, 274, 94, 49, 185, 176, 224, 133, 195, 251, 45, 228, 193, 57, 233, 80, 163, 223, 209, 204, 50, 55, 244, 62, 179, 76, 248, 173, 141, 187, 147, 130, 91, 203, 155, 40, 128, 124, 97, 219, 214, 215, 260, 156, 234, 84, 8, 258, 161, 269, 73, 44, 135, 192, 261, 13, 145, 109, 66, 90, 181, 138, 265, 116, 191, 226, 101, 63, 35, 7, 142, 21, 39, 70, 51, 207, 180, 131, 47, 246, 89, 17, 252, 235, 15, 212, 164, 243, 275, 86, 56, 46, 117, 201, 42, 257, 71, 2, 33, 245, 36, 210, 168, 81, 134, 276, 153, 122, 186, 188, 4, 114, 225, 54, 230, 160, 202, 148, 98, 105, 103, 113, 115, 197, 118, 37, 123, 99, 100, 59, 268, 23, 238, 157, 200, 273, 227, 149, 9, 217, 108, 111, 139, 167, 237, 241, 75, 259, 144, 125, 85, 211, 83, 213, 38, 65, 264, 242, 151, 216, 270, 262, 140, 96, 253, 6, 104, 32, 12, 170, 231, 183, 150, 25, 18, 162, 236, 26, 24, 22, 206, 92, 31, 189, 247, 28, 198, 93, 250, 220, 240, 20, 249, 177, 175, 154, 272, 27, 5, 19, 221]
[48, 3, 110, 39, 73, 101, 90, 76, 81, 83, 79, 47, 23, 18, 127, 105, 87, 66, 37, 107, 115, 51, 64, 49, 35, 130, 57, 122, 126, 128, 123, 56, 29, 93, 106, 8, 46, 119, 4, 38, 60, 70, 92, 65, 120, 103, 133, 109, 98, 80, 95, 134, 89, 6, 45, 67, 96, 25, 112, 82, 31, 54, 75, 104, 61, 55, 14, 7, 94, 132, 53, 52, 2, 9, 63, 125, 124, 34, 88, 1, 74, 117, 100, 36, 116, 129, 28, 59, 77, 11, 99, 30, 97, 91, 50, 84, 58, 71, 62, 114, 5, 85, 33, 12, 26, 102, 86, 72, 121, 43, 40, 20, 108, 17, 16, 32, 24, 22, 69, 21, 27, 15, 68, 111, 42, 13, 44, 41, 118, 19, 113, 10, 131, 78]
[3, 27, 13, 22, 17, 16, 1, 14, 23, 11, 18, 20, 12, 26, 28, 24, 4, 25, 15, 9, 10, 7, 2, 5, 6, 19, 8, 29, 21]
[1, 7, 8, 5, 3, 2, 6, 9, 4]
[7, 6, 8, 12, 10, 1, 9, 4, 3, 13, 2, 11, 5]
[20, 24, 23, 15, 9, 8, 4, 1, 26, 25, 6, 12, 13, 10, 14, 3, 21, 11, 2, 7, 5, 17, 16, 22, 18, 19]
[85, 21, 42, 95, 27, 20, 107, 127, 28, 151, 29, 98, 100, 131, 145, 105, 59, 78, 86, 133, 140, 60, 134, 55, 30, 12, 43, 132, 118, 113, 33, 138, 38, 92, 142, 141, 106, 128, 115, 67, 117, 34, 10, 111, 2, 82, 79, 40, 51, 15, 1, 120, 122, 96, 58, 116, 14, 45, 108, 103, 25, 46, 97, 112, 77, 63, 119, 149, 139, 110, 7, 76, 3, 143, 52, 4, 61, 125, 48, 124, 69, 26, 136, 50, 13, 152, 150, 36, 114, 94, 109, 66, 49, 121, 148, 64, 17, 137, 16, 147, 6, 126, 123, 11, 144, 102, 93, 22, 89, 74, 32, 41, 68, 35, 135, 54, 84, 23, 44, 24, 53, 47, 83, 62, 91, 130, 72, 56, 37, 70, 129, 146, 90, 5, 99, 73, 19, 31, 101, 65, 88, 8, 75, 80, 39, 9, 57, 104, 18, 81, 71, 87]
[34, 19, 4, 25, 24, 17, 5, 10, 18, 13, 20, 14, 21, 26, 39, 12, 8, 6, 38, 11, 36, 31, 28, 30, 35, 29, 22, 37, 23, 32, 3, 41, 1, 2, 27, 33, 9, 7, 15, 40, 16]
[74, 49, 65, 48, 66, 28, 72, 52, 2, 47, 60, 12, 73, 67, 25, 71, 35, 33, 57, 14, 17, 51, 29, 63, 26, 38, 15, 1, 13, 16, 62, 42, 58, 46, 5, 7, 44, 24, 18, 39, 27, 34, 75, 30, 10, 70, 61, 23, 6, 3, 68, 41, 45, 56, 64, 8, 11, 54, 19, 20, 36, 21, 50, 37, 43, 55, 69, 22, 9, 59, 31, 4, 32, 40, 53]
[26, 23, 4, 10, 18, 8, 3, 9, 7, 19, 15, 21, 13, 11, 16, 22, 1, 17, 2, 24, 6, 14, 12, 20, 5, 25]
[3, 5, 4, 1, 2]
[6, 8, 9, 7, 10, 3, 2, 4, 1, 5]
[1, 13, 4, 8, 10, 5, 9, 12, 14, 17, 15, 3, 16, 7, 2, 11, 6]
[12, 65, 32, 88, 45, 14, 31, 75, 58, 108, 20, 84, 74, 61, 129, 51, 40, 99, 1, 119, 66, 104, 18, 85, 72, 22, 98, 86, 11, 95, 68, 41, 107, 120, 96, 60, 2, 36, 102, 37, 128, 8, 17, 10, 94, 16, 103, 100, 82, 125, 38, 59, 121, 67, 62, 77, 9, 49, 93, 47, 122, 78, 4, 83, 21, 126, 39, 106, 57, 70, 79, 26, 64, 54, 101, 50, 112, 115, 55, 87, 114, 30, 42, 90, 48, 6, 43, 56, 71, 117, 81, 118, 97, 63, 33, 13, 80, 29, 113, 27, 69, 76, 3, 15, 127, 116, 24, 53, 25, 124, 35, 110, 89, 46, 105, 123, 28, 131, 5, 91, 7, 130, 34, 92, 73, 44, 52, 19, 111, 109, 23]
[33, 76, 52, 83, 14, 23, 3, 47, 61, 54, 81, 30, 51, 13, 1, 12, 34, 8, 68, 5, 9, 4, 53, 17, 32, 31, 63, 71, 44, 15, 59, 62, 84, 49, 58, 41, 79, 88, 57, 27, 80, 25, 26, 70, 75, 46, 85, 22, 6, 10, 69, 48, 43, 16, 21, 2, 55, 86, 82, 39, 65, 78, 73, 28, 45, 67, 19, 29, 11, 20, 64, 87, 56, 72, 60, 77, 7, 66, 74, 24, 18, 50, 42, 38, 40, 37, 35, 36]
[40, 50, 7, 1, 45, 22, 26, 19, 27, 17, 5, 35, 9, 43, 21, 20, 13, 15, 6, 11, 36, 49, 24, 51, 28, 14, 38, 41, 8, 23, 42, 44, 32, 2, 46, 34, 12, 33, 48, 18, 3, 39, 29, 47, 25, 37, 30, 16, 4, 31, 10]
[4, 1, 2, 3]
[57, 56, 80, 140, 230, 67, 244, 79, 214, 96, 216, 128, 259, 63, 180, 9, 202, 211, 90, 76, 282, 44, 209, 203, 150, 2, 241, 235, 17, 189, 159, 221, 278, 197, 174, 11, 54, 274, 70, 85, 266, 119, 252, 284, 212, 100, 120, 48, 220, 92, 18, 8, 126, 155, 104, 14, 288, 232, 239, 69, 196, 59, 263, 170, 172, 53, 75, 117, 25, 193, 42, 264, 243, 131, 175, 271, 190, 207, 84, 280, 134, 144, 77, 154, 39, 10, 139, 228, 13, 191, 169, 255, 65, 204, 177, 179, 24, 136, 234, 245, 277, 86, 41, 260, 200, 210, 72, 95, 286, 195, 20, 130, 166, 254, 127, 58, 290, 38, 142, 183, 178, 219, 51, 5, 16, 19, 4, 88, 168, 105, 224, 68, 149, 238, 265, 49, 91, 247, 102, 261, 114, 37, 133, 101, 116, 294, 233, 22, 267, 199, 231, 281, 156, 83, 165, 272, 12, 226, 287, 293, 167, 268, 32, 50, 275, 171, 64, 181, 35, 137, 66, 270, 256, 43, 161, 186, 40, 225, 52, 187, 141, 27, 71, 182, 237, 158, 147, 3, 103, 45, 121, 269, 253, 218, 285, 185, 143, 205, 98, 78, 229, 112, 198, 115, 111, 7, 28, 94, 110, 250, 148, 240, 30, 36, 1, 23, 223, 215, 125, 289, 164, 251, 145, 46, 135, 273, 108, 82, 106, 246, 109, 213, 208, 227, 55, 97, 61, 81, 258, 47, 33, 107, 129, 249, 6, 73, 283, 194, 151, 113, 248, 257, 206, 123, 152, 132, 146, 153, 184, 21, 192, 118, 34, 160, 26, 262, 279, 217, 15, 31, 236, 201, 89, 87, 276, 138, 163, 93, 60, 62, 29, 74, 291, 157, 173, 292, 222, 188, 99, 122, 162, 242, 124, 176]
[1, 3, 7, 10, 9, 12, 5, 8, 11, 6, 4, 2]
[10, 16, 15, 11, 24, 2, 4, 6, 21, 13, 19, 1, 7, 14, 17, 18, 5, 3, 20, 8, 23, 22, 12, 9]
